0.0 0.0
5.245209E-4 0.022797659
0.0020976067 0.04554552
0.004714966 0.06819394
0.008370876 0.09069359
0.013057709 0.11299515
0.018764019 0.13505018
0.025477886 0.1568104
0.033183575 0.17822826
0.04186392 0.19925761
0.051499367 0.21985209
0.062068462 0.23996711
0.07354736 0.25955892
0.08590984 0.27858496
0.09912825 0.29700375
0.113173485 0.31477523
0.12801313 0.3318615
0.14361429 0.34822536
0.15994167 0.36383128
0.17695856 0.3786459
0.19462681 0.39263678
0.21290588 0.4057746
0.23175573 0.41803074
0.25113297 0.4293797
0.27099514 0.43979716
0.29129648 0.44926095
0.3119917 0.45775127
0.33303452 0.46525073
0.3543768 0.47174406
0.37597084 0.47721744
0.39776802 0.48166037
0.41971922 0.4850645
0.44177485 0.48742342
0.46388578 0.4887333
0.4860015 0.4889927
0.5080724 0.4882021
0.5300484 0.48636484
0.55188084 0.4834876
0.57351995 0.47957706
0.59491634 0.4746437
0.6160226 0.4687004
0.63679147 0.461761
0.65717435 0.45384407
0.6771271 0.44496775
0.6966033 0.43515396
0.7155597 0.42442608
0.7339535 0.41281033
0.7517426 0.40033293
0.7688868 0.38702536
0.7853484 0.37291718
0.80108833 0.35804272
0.81607234 0.3424368
0.83026624 0.32613516
0.8436372 0.30917692
0.85615563 0.2916026
0.8677925 0.2734518
0.8785219 0.25476646
0.88831913 0.23559189
0.89716184 0.21597147
0.90502983 0.19595242
0.9119051 0.17557907
0.9177718 0.15490103
0.92261684 0.13396549
0.92642856 0.11282158
0.92919815 0.091517925
0.9309192 0.0701046
0.9315873 0.048631668
0.9312008 0.027148247
0.92976004 0.0057053566
0.92726827 -0.015647888
0.92373025 -0.03686142
0.91915417 -0.05788517
0.91354966 -0.078670025
0.90692925 -0.09916854
0.89930713 -0.11933184
0.89070046 -0.13911295
0.8811282 -0.15846539
0.8706115 -0.17734408
0.859174 -0.1957047
0.8468407 -0.2135036
0.8336395 -0.23069906
0.81959957 -0.24725056
0.8047521 -0.26311874
0.7891309 -0.27826595
0.7727703 -0.29265618
0.7557069 -0.30625463
0.7379791 -0.31902957
0.7196266 -0.33094954
0.7006904 -0.34198618
0.68121296 -0.35211205
0.661238 -0.3613026
0.64081025 -0.3695352
0.61997545 -0.37678897
0.59878075 -0.38304543
0.5772736 -0.38828886
0.5555022 -0.39250505
0.5335158 -0.39568222
0.5113636 -0.3978114
0.4890957 -0.3988856
0.46676219 -0.39890003
0.44441295 -0.3978529
0.42209888 -0.3957441
0.39987016 -0.39257646
0.37777686 -0.3883546
0.35586894 -0.38308632
0.33419597 -0.37678105
0.3128065 -0.36945093
0.29174936 -0.36111027
0.27107185 -0.35177588
0.2508211 -0.3414663
0.2310428 -0.33020288
0.21178174 -0.31800884
0.1930818 -0.30490938
0.17498511 -0.29093206
0.15753311 -0.27610618
0.14076537 -0.260463
0.12471986 -0.24403583
0.10943353 -0.22685945
0.09494096 -0.20897056
0.08127552 -0.19040738
0.06846827 -0.17120983
0.056548536 -0.15141904
0.04554388 -0.1310777
0.035479575 -0.11022968
0.02637887 -0.08891994
0.018262759 -0.06719464
0.011150219 -0.045100812
0.0050578415 -0.022686372
0.0 0.0
-0.0040113106 0.022909002
-0.0069663674 0.045990814
-0.008857876 0.069195166
-0.009680897 0.0924715
-0.0094329715 0.115769096
-0.008113861 0.13903709
-0.00572592 0.16222471
-0.0022738278 0.18528132
0.0022352934 0.20815647
0.007791877 0.23080024
0.01438427 0.25316307
0.021998227 0.27519608
0.030617356 0.29685104
0.040222585 0.31808057
0.05079317 0.3388382
0.062306046 0.35907847
0.07473564 0.37875718
0.088054776 0.3978312
0.10223395 0.4162588
0.11724168 0.43399972
0.13304514 0.45101508
0.14960873 0.46726793
0.16689599 0.48272255
0.18486845 0.49734527
0.20348597 0.5111042
0.22270697 0.52396953
0.24248898 0.53591317
0.26278728 0.5469092
0.28355694 0.556934
0.30475116 0.5659658
0.32632256 0.5739852
0.34822297 0.5809751
0.37040317 0.58692056
0.39281338 0.59180933
0.4154033 0.59563094
0.43812203 0.5983781
0.46091843 0.600045
0.48374122 0.600629
0.50653917 0.60012966
0.52926064 0.59854895
0.5518542 0.59589124
0.57426906 0.5921633
0.5964545 0.58737445
0.6183604 0.5815365
0.63993704 0.5746632
0.6611353 0.56677115
0.6819075 0.55787873
0.70220625 0.54800695
0.72198516 0.53717947
0.7411997 0.5254209
0.7598053 0.512759
0.7777604 0.49922335
0.7950233 0.4848454
0.8115548 0.4696586
0.8273167 0.45369792
0.8422732 0.437001
0.85638946 0.4196061
0.8696332 0.40155363
0.88197374 0.38288546
0.8933822 0.36364508
0.90383226 0.34387672
0.9132993 0.32362664
0.92176145 0.30294144
0.92919815 0.28186905
0.935592 0.26045883
0.9409277 0.23876035
0.9451921 0.21682382
0.94837445 0.19470024
0.9504668 0.17244124
0.95146316 0.15009856
0.9513604 0.12772429
0.95015764 0.10537052
0.9478565 0.08308947
0.94446105 0.06093335
0.9399781 0.0389539
0.93441653 0.017202497
0.9277877 -0.0042696
0.92010546 -0.025411963
0.9113865 -0.046175122
0.90164906 -0.06650972
0.89091396 -0.086367846
0.8792047 -0.10570228
0.8665467 -0.12446725
0.85296726 -0.14261806
0.83849597 -0.16011167
0.82316494 -0.17690563
0.8070075 -0.19296002
0.7900594 -0.20823586
0.77235794 -0.22269583
0.7539424 -0.23630512
0.734853 -0.24903005
0.7151329 -0.2608394
0.69482505 -0.2717036
0.6739752 -0.28159523
0.6526293 -0.29048932
0.6308353 -0.2983629
0.60864156 -0.3051951
0.586098 -0.3109678
0.5632547 -0.31566483
0.54016316 -0.3192727
0.51687515 -0.3217802
0.4934425 -0.3231784
0.46991822 -0.3234613
0.44635522 -0.32262534
0.42280674 -0.32066876
0.39932552 -0.31759346
0.3759649 -0.31340283
0.35277745 -0.3081033
0.32981578 -0.30170375
0.30713192 -0.29421538
0.28477716 -0.2856522
0.2628026 -0.27603006
0.24125794 -0.26536775
0.22019234 -0.2536863
0.19965401 -0.24100879
0.17968962 -0.22736093
0.16034515 -0.21277027
0.14166488 -0.19726688
0.12369162 -0.18088257
0.10646692 -0.1636514
0.09003039 -0.14560941
0.074420094 -0.12679432
0.05967208 -0.10724582
0.045821004 -0.087005064
0.03289914 -0.06611495
0.020936362 -0.044620067
0.009961294 -0.022566048
0.0 0.0
-0.00892424 0.023029553
-0.016789526 0.04647337
-0.023576826 0.07028096
-0.029269941 0.09440087
-0.03385415 0.11878114
-0.037317663 0.14336911
-0.039651483 0.16811138
-0.04084876 0.1929543
-0.040905297 0.21784398
-0.03981939 0.24272627
-0.037592024 0.2675468
-0.034226775 0.29225165
-0.029729426 0.3167869
-0.024109006 0.34109873
-0.017376333 0.3651341
-0.009545416 0.38884035
-6.322861E-4 0.41216546
0.009344727 0.4350583
0.020364165 0.4574686
0.032402813 0.47934705
0.04543507 0.5006457
0.059432626 0.5213174
0.074365556 0.54131687
0.09020114 0.5605997
0.10690564 0.57912374
0.1244418 0.596848
0.14277166 0.61373335
0.1618551 0.62974215
0.18164992 0.6448393
0.20211285 0.65899175
0.22319841 0.67216766
0.24486017 0.6843381
0.2670499 0.6954761
0.28971857 0.70555717
0.31281555 0.7145588
0.33628958 0.7224611
0.3600884 0.72924674
0.38415855 0.7349007
0.4084463 0.7394107
0.43289727 0.7427667
0.45745653 0.7449613
0.48206896 0.74599004
0.50667894 0.74585074
0.53123116 0.7445438
0.5556702 0.7420727
0.57994056 0.7384431
0.6039876 0.7336633
0.6277566 0.7277444
0.6511935 0.7207002
0.674245 0.71254617
0.6968586 0.70330197
0.7189825 0.69298834
0.74056613 0.6816287
0.76155984 0.66924906
0.7819158 0.65587825
0.8015867 0.64154625
0.82052726 0.62628615
0.83869344 0.61013305
0.8560434 0.5931239
0.8725363 0.57529765
0.8881339 0.55669504
0.90279937 0.53735936
0.9164982 0.5173345
0.929198 0.4966668
0.94086874 0.47540373
0.9514818 0.45359468
0.961012 0.43128967
0.9694358 0.4085403
0.9767326 0.38539928
0.98288393 0.36191994
0.98787403 0.33815712
0.9916895 0.31416583
0.99432003 0.29000187
0.9957579 0.26572126
0.99599725 0.24138135
0.995036 0.21703827
0.9928739 0.19274932
0.989514 0.16857147
0.9849616 0.14456147
0.97922516 0.12077594
0.97231543 0.09727085
0.96424586 0.074102044
0.9550327 0.051324427
0.94469464 0.028991878
0.9332531 0.0071581006
0.9207319 -0.0141249895
0.9071574 -0.034806192
0.8925583 -0.0548355
0.87696546 -0.07416469
0.86041254 -0.092746615
0.84293497 -0.11053598
0.82457054 -0.12748903
0.80535907 -0.14356387
0.7853422 -0.15872055
0.7645637 -0.172921
0.743069 -0.1861291
0.72090536 -0.19831127
0.698121 -0.209436
0.6747669 -0.2194739
0.6508941 -0.2283982
0.62655556 -0.2361846
0.6018053 -0.24281108
0.5766983 -0.24825835
0.55129063 -0.25250965
0.52563894 -0.25555107
0.49980047 -0.2573711
0.47383326 -0.257961
0.44779542 -0.2573151
0.42174575 -0.25543004
0.39574268 -0.25230563
0.36984515 -0.24794416
0.34411168 -0.24235073
0.31860045 -0.23553354
0.2933696 -0.22750306
0.26847643 -0.21827294
0.24397764 -0.20785935
0.21992946 -0.19628106
0.19638678 -0.1835597
0.17340387 -0.16971923
0.15103348 -0.15478656
0.12932722 -0.13879079
0.10833548 -0.12176348
0.08810699 -0.103738695
0.06868886 -0.08475276
0.050126486 -0.064844236
0.03246346 -0.04405376
0.01574142 -0.022424113
0.0 0.0
-0.0147233475 0.023171961
-0.028393295 0.047043454
-0.040976897 0.071564406
-0.052443527 0.09668326
-0.06276505 0.12234698
-0.07191573 0.14850119
-0.07987258 0.17509036
-0.086615115 0.20205788
-0.09212558 0.22934595
-0.0963891 0.25689623
-0.09939316 0.28464955
-0.10112858 0.31254616
-0.10158843 0.34052593
-0.10076931 0.36852825
-0.098670095 0.39649254
-0.09529275 0.424358
-0.0906423 0.45206416
-0.084726244 0.47955054
-0.07755536 0.50675714
-0.069143 0.5336244
-0.059505284 0.56009364
-0.04866138 0.58610654
-0.036633223 0.611606
-0.02344498 0.63653576
-0.009123981 0.660841
0.0062998533 0.68446803
0.022794724 0.7073642
0.040325284 0.72947913
0.0588547 0.7507636
0.07834321 0.77116996
0.09874937 0.79065305
0.12002885 0.8091693
0.1421361 0.826677
0.16502309 0.84313726
0.18863976 0.8585129
0.21293482 0.8727695
0.23785502 0.8858745
0.26334542 0.89779836
0.28935027 0.9085143
0.31581187 0.9179974
0.34267175 0.9262263
0.36987036 0.93318194
0.39734703 0.9388482
0.42504078 0.9432121
0.4528895 0.9462629
0.4808306 0.9479933
0.50880176 0.94839907
0.5367398 0.9474782
0.5645816 0.94523287
0.5922644 0.941667
0.6197252 0.936788
0.6469016 0.93060714
0.6737318 0.92313683
0.70015454 0.9143937
0.72610897 0.90439725
0.7515358 0.89316916
0.7763762 0.88073474
0.80057275 0.8671216
0.8240695 0.85236007
0.8468118 0.83648294
0.86874634 0.8195265
0.8898215 0.80152863
0.9099882 0.78252965
0.92919797 0.7625734
0.94740605 0.74170417
0.9645682 0.7199698
0.98064274 0.69742
0.9955919 0.674106
1.0093782 0.65008104
1.0219674 0.62540036
1.0333289 0.60012054
1.0434335 0.5742996
1.052255 0.5479973
1.0597706 0.5212742
1.0659597 0.4941926
1.0708048 0.46681523
1.0742918 0.43920523
1.0764093 0.4114275
1.0771488 0.38354695
1.0765043 0.35562897
1.074475 0.32773906
1.0710609 0.29994285
1.0662658 0.2723065
1.0600972 0.24489522
1.0525652 0.21777391
1.0436838 0.19100738
1.0334682 0.16466045
1.0219383 0.13879609
1.0091171 0.1134761
0.99502915 0.08876288
0.9797032 0.06471616
0.96316993 0.04139507
0.945464 0.018856704
0.9266216 -0.0028427243
0.9066819 -0.023649693
0.88568723 -0.043510914
0.8636812 -0.062376946
0.8407116 -0.08019936
0.8168269 -0.096931934
0.7920786 -0.112531275
0.7665195 -0.12695548
0.7402056 -0.14016661
0.7131934 -0.15212798
0.6855421 -0.16280568
0.65731263 -0.17216945
0.62856585 -0.1801921
0.59936595 -0.18684775
0.56977713 -0.19211455
0.5398648 -0.19597398
0.50969553 -0.19841012
0.4793369 -0.19941
0.44885603 -0.19896434
0.41832164 -0.19706668
0.38780233 -0.19371447
0.3573673 -0.1889073
0.32708475 -0.1826489
0.29702306 -0.1749464
0.2672515 -0.16580907
0.23783766 -0.15525025
0.20884879 -0.14328642
0.1803516 -0.12993711
0.15241161 -0.11522517
0.12509342 -0.09917673
0.09846026 -0.08182066
0.072574936 -0.063188255
0.04749719 -0.04331528
0.023286855 -0.022238623
0.0 0.0
-0.022306954 0.023358408
-0.04358188 0.047789525
-0.06377252 0.073246
-0.082830966 0.09967602
-0.10070987 0.12702718
-0.117365986 0.1552433
-0.132758 0.18426698
-0.14684708 0.21403866
-0.15959726 0.24449712
-0.17097569 0.27557907
-0.18095233 0.3072199
-0.18950006 0.3393538
-0.19659594 0.37191233
-0.20221874 0.40482727
-0.20635083 0.43802953
-0.2089788 0.47144818
-0.21009126 0.5050122
-0.20968106 0.53864944
-0.20774391 0.5722884
-0.20427957 0.6058565
-0.19929096 0.639281
-0.19278389 0.67249
-0.18476799 0.7054117
-0.17525724 0.73797333
-0.16426754 0.7701051
-0.1518181 0.80173624
-0.13793272 0.83279705
-0.122638375 0.86321986
-0.10596377 0.8929367
-0.08794263 0.9218825
-0.06861058 0.94999266
-0.048006922 0.9772053
-0.02617395 1.0034585
-0.0031558871 1.0286944
0.020998567 1.0528557
0.046239495 1.075888
0.07251334 1.0977399
0.09976488 1.1183611
0.12793589 1.1377046
0.15696663 1.1557262
0.18679374 1.1723847
0.2173534 1.1876409
0.24857983 1.2014594
0.2804043 1.2138083
0.3127572 1.224658
0.3455679 1.2339824
0.37876442 1.2417586
0.4122728 1.2479677
0.44601905 1.2525946
0.47992796 1.2556257
0.5139239 1.2570529
0.54793054 1.2568715
0.5818709 1.2550793
0.61566883 1.2516786
0.6492479 1.2466748
0.68253136 1.2400777
0.7154434 1.2318997
0.7479083 1.2221577
0.7798514 1.210872
0.81119907 1.1980656
0.84187835 1.1837658
0.87181777 1.168004
0.90094733 1.1508133
0.92919844 1.132231
0.95650345 1.1122987
0.98279846 1.0910594
1.0080198 1.0685604
1.0321069 1.0448513
1.0550014 1.019985
1.0766467 0.9940175
1.0969896 0.967007
1.1159796 0.9390142
1.1335686 0.9101026
1.1497114 0.880338
1.1643662 0.84978807
1.1774945 0.81852275
1.1890601 0.7866139
1.1990321 0.7541351
1.2073808 0.7211609
1.214081 0.6877686
1.2191122 0.65403533
1.2224553 0.6200402
1.224097 0.5858632
1.2240262 0.5515843
1.2222364 0.5172848
1.218725 0.48304647
1.2134929 0.44895047
1.2065449 0.4150787
1.1978897 0.3815127
1.1875398 0.34833342
1.1755118 0.31562185
1.1618258 0.28345764
1.1465056 0.25191998
1.1295795 0.22108698
1.1110787 0.19103521
1.0910385 0.1618402
1.0694971 0.13357586
1.0464973 0.106313765
1.0220846 0.08012444
0.99630773 0.055075467
0.96921927 0.031232953
0.9408748 0.00865981
0.9113323 -0.012582421
0.8806536 -0.03243637
0.8489027 -0.050846547
0.8161466 -0.06776044
0.7824545 -0.0831293
0.74789816 -0.09690693
0.7125518 -0.109050676
0.67649126 -0.11952144
0.6397948 -0.12828372
0.6025421 -0.13530529
0.56481457 -0.1405583
0.5266949 -0.14401793
0.48826724 -0.1456638
0.4496165 -0.14547956
0.4108288 -0.1434521
0.37199062 -0.13957325
0.3331892 -0.1338382
0.29451194 -0.12624688
0.25604615 -0.116802946
0.21787961 -0.10551414
0.18009941 -0.09239255
0.1427922 -0.07745422
0.10604401 -0.06071949
0.069940045 -0.04221264
0.03456439 -0.021962043
0.0 0.0
-0.03367176 0.023637112
-0.06637101 0.04890917
-0.09801976 0.07577214
-0.12854195 0.1041783
-0.15786374 0.13407628
-0.18591361 0.16541116
-0.21262251 0.19812468
-0.23792402 0.23215511
-0.26175475 0.26743746
-0.28405422 0.30390382
-0.30476475 0.34148353
-0.32383248 0.38010263
-0.3412065 0.41968513
-0.35683978 0.4601518
-0.37068883 0.5014217
-0.38271362 0.54341173
-0.3928787 0.58603626
-0.4011517 0.62920856
-0.40750507 0.67283994
-0.4119152 0.71683997
-0.41436237 0.7611177
-0.4148318 0.8055805
-0.41331223 0.8501353
-0.40979722 0.8946882
-0.4042851 0.93914485
-0.39677796 0.98341095
-0.38728273 1.0273918
-0.37581068 1.0709932
-0.36237776 1.1141212
-0.34700412 1.1566823
-0.32971436 1.1985846
-0.31053764 1.2397357
-0.2895074 1.2800462
-0.26666117 1.3194273
-0.24204093 1.3577917
-0.215693 1.3950541
-0.18766749 1.4311311
-0.15801865 1.4659423
-0.12680453 1.4994085
-0.094086945 1.5314546
-0.059931695 1.5620065
-0.024407476 1.5909947
0.012412846 1.6183522
0.050453544 1.6440153
0.08963594 1.6679239
0.12987763 1.6900209
0.17109466 1.7102541
0.21319938 1.7285742
0.25610194 1.7449365
0.2997106 1.7593002
0.34393108 1.7716289
0.38866773 1.7818903
0.4338228 1.790057
0.47929686 1.7961059
0.5249907 1.8000183
0.57080156 1.8017809
0.61662817 1.8013844
0.6623676 1.7988245
0.70791686 1.7941017
0.7531723 1.7872217
0.7980306 1.7781947
0.8423891 1.7670357
0.8861455 1.7537651
0.92919827 1.7384073
0.9714463 1.7209926
1.0127904 1.7015551
1.0531322 1.6801343
1.0923764 1.6567738
1.1304274 1.6315222
1.1671932 1.6044325
1.202584 1.5755624
1.2365127 1.5449734
1.2688936 1.5127318
1.2996451 1.4789076
1.3286892 1.4435751
1.3559501 1.406812
1.3813553 1.3687
1.4048375 1.329324
1.4263331 1.2887728
1.4457798 1.2471383
1.463123 1.2045145
1.4783103 1.1609995
1.4912944 1.1166937
1.502033 1.0716989
1.5104882 1.0261202
1.5166261 0.9800645
1.5204191 0.93363994
1.5218439 0.8869569
1.5208821 0.8401267
1.5175211 0.79326177
1.5117533 0.74647546
1.503576 0.6998813
1.4929922 0.65359384
1.4800103 0.60772747
1.4646435 0.5623959
1.4469113 0.5177133
1.4268378 0.47379246
1.404453 0.4307459
1.3797913 0.38868436
1.3528938 0.34771815
1.3238056 0.3079546
1.2925768 0.2695001
1.2592635 0.23245865
1.2239269 0.19693121
1.1866319 0.16301832
1.1474491 0.13081461
1.1064533 0.100413844
1.0637238 0.071905434
1.0193447 0.045375973
0.97340393 0.020908013
0.9259937 -0.0014204532
0.8772098 -0.021534115
0.8271519 -0.039363295
0.77592325 -0.05484259
0.7236302 -0.06791037
0.67038226 -0.07851119
0.616292 -0.086592965
0.5614743 -0.092110194
0.5060465 -0.09502206
0.4501283 -0.09529296
0.39384142 -0.09289312
0.3373088 -0.08779837
0.28065506 -0.07999026
0.22400627 -0.069455385
0.16748899 -0.056186758
0.111230195 -0.040184356
0.055357926 -0.021451889
0.0 0.0
-0.054716513 0.024153428
-0.10866412 0.05098673
-0.16171655 0.08047101
-0.21374905 0.112570435
-0.2646372 0.14724542
-0.3142587 0.18444957
-0.36249328 0.22412983
-0.40922245 0.26622835
-0.45433038 0.31068152
-0.4977038 0.35742015
-0.5392322 0.40636915
-0.5788089 0.45744863
-0.6163298 0.5105735
-0.6516955 0.5656528
-0.6848097 0.62259173
-0.715581 0.6812901
-0.743922 0.7416432
-0.7697495 0.8035427
-0.7929865 0.8668749
-0.81355953 0.93152344
-0.8314016 0.99736756
-0.8464502 1.0642827
-0.858649 1.1321421
-0.86794806 1.2008142
-0.8743012 1.2701678
-0.8776715 1.3400661
-0.87802565 1.4103713
-0.8753371 1.4809439
-0.86958706 1.5516427
-0.8607623 1.6223257
-0.8488558 1.6928482
-0.83386827 1.7630665
-0.81580645 1.8328356
-0.79468393 1.9020109
-0.77052116 1.9704467
-0.74334544 2.038
-0.71319056 2.1045265
-0.6800982 2.1698847
-0.64411545 2.2339334
-0.6052969 2.2965336
-0.56370264 2.357548
-0.51940167 2.416843
-0.47246718 2.4742854
-0.42297986 2.5297475
-0.37102646 2.5831027
-0.3166998 2.6342297
-0.2600987 2.68301
-0.20132762 2.7293305
-0.14049742 2.7730813
-0.07772288 2.8141565
-0.0131267905 2.852459
0.053165764 2.8878922
0.12102345 2.9203682
0.19031113 2.9498029
0.26088792 2.9761205
0.3326105 2.999249
0.4053306 3.019124
0.47889656 3.0356874
0.5531536 3.0488887
0.62794405 3.0586824
0.70310783 3.0650322
0.7784813 3.0679083
0.8539004 3.0672874
0.92919815 3.0631557
1.0042067 3.0555053
1.0787568 3.0443363
1.1526792 3.029657
1.2258033 3.0114837
1.2979596 2.98984
1.3689785 2.9647574
1.4386907 2.9362764
1.5069277 2.904444
1.5735242 2.869316
1.6383158 2.8309562
1.7011386 2.7894351
1.7618338 2.7448325
1.8202437 2.697234
1.8762147 2.6467352
1.9295969 2.5934362
1.9802428 2.537447
2.028012 2.478884
2.0727658 2.4178696
2.1143713 2.3545349
2.1527023 2.289015
2.1876364 2.2214544
2.2190585 2.1520019
2.2468584 2.0808127
2.2709327 2.008048
2.2911856 1.9338737
2.307527 1.8584617
2.3198755 1.7819889
2.3281562 1.7046356
2.3323016 1.6265874
2.332254 1.5480337
2.3279614 1.469167
2.3193827 1.3901844
2.3064828 1.3112841
2.289237 1.2326673
2.2676294 1.154539
2.241652 1.0771033
2.211307 1.0005679
2.1766057 0.9251404
2.1375675 0.85102975
2.0942225 0.77844447
2.0466094 0.7075926
1.9947761 0.6386828
1.9387805 0.57192147
1.8786905 0.50751406
1.8145819 0.44566482
1.7465404 0.38657397
1.6746614 0.330441
1.599049 0.27746147
1.5198168 0.22782657
1.4370868 0.18172562
1.3509902 0.13934149
1.2616673 0.10085327
1.169266 0.066435784
1.0739431 0.03625658
0.9758636 0.010479301
0.8752003 -0.010740608
0.7721331 -0.027253367
0.6668502 -0.03891571
0.55954653 -0.045592256
0.4504237 -0.047155164
0.33969024 -0.043484744
0.22756052 -0.034469265
0.11425507 -0.020005798
0.0 0.0
-0.11497356 0.025632912
-0.23042953 0.056968834
-0.34612733 0.09407365
-0.4618225 0.1370036
-0.5772668 0.18580464
-0.69220877 0.24051291
-0.80639416 0.30115384
-0.91956633 0.36774242
-1.0314665 0.44028223
-1.1418352 0.51876664
-1.2504104 0.603179
-1.356931 0.69348943
-1.4611347 0.7896596
-1.5627606 0.89163715
-1.6615477 0.9993608
-1.757236 1.1127578
-1.8495691 1.2317426
-1.9382904 1.356221
-2.0231476 1.486086
-2.1038914 1.6212199
-2.1802754 1.7614956
-2.2520585 1.906772
-2.319003 2.0569007
-2.3808765 2.2117214
-2.4374528 2.3710635
-2.4885113 2.5347457
-2.5338366 2.7025793
-2.5732222 2.8743625
-2.6064677 3.0498867
-2.6333795 3.2289324
-2.6537738 3.411273
-2.6674738 3.5966716
-2.6743116 3.784884
-2.6741302 3.9756603
-2.66678 4.1687384
-2.652123 4.3638525
-2.6300294 4.560729
-2.600382 4.7590885
-2.5630727 4.958644
-2.5180054 5.1591043
-2.4650948 5.360174
-2.4042678 5.561552
-2.335463 5.7629337
-2.2586308 5.9640083
-2.173733 6.1644654
-2.080745 6.363989
-1.9796538 6.5622644
-1.8704587 6.75897
-1.7531741 6.953788
-1.6278236 7.1463966
-1.4944458 7.3364754
-1.353093 7.523705
-1.203827 7.707764
-1.0467271 7.8883357
-0.88188124 8.065104
-0.7093924 8.237753
-0.529377 8.405975
-0.34196126 8.569462
-0.14728701 8.727911
0.05449432 8.8810215
0.26321596 9.0285015
0.4787019 9.170062
0.7007626 9.305423
0.929198 9.434307
1.1637957 9.556448
1.4043325 9.671583
1.6505742 9.779459
1.9022768 9.879835
2.159185 9.972474
2.4210348 10.057146
2.6875515 10.13364
2.9584517 10.201747
3.2334437 10.261271
3.5122273 10.312029
3.7944925 10.353844
4.0799246 10.386555
4.368202 10.410014
4.6589937 10.42408
4.951965 10.428631
5.2467737 10.423548
5.5430737 10.408735
5.8405147 10.384107
6.1387415 10.349586
6.4373956 10.305115
6.7361174 10.250647
7.034542 10.18615
7.332302 10.111607
7.6290317 10.02701
7.924365 9.932371
8.217929 9.827716
8.50936 9.713079
8.79829 9.588514
9.084354 9.454093
9.367189 9.309889
9.646433 9.155999
9.92173 8.992533
10.192724 8.819612
10.45907 8.637373
10.720418 8.445964
10.976432 8.245552
11.226777 8.036309
11.471128 7.818428
11.709164 7.592108
11.94057 7.357563
12.165044 7.1150208
12.382288 6.8647184
12.592019 6.6069064
12.793953 6.341844
12.987827 6.0698037
13.17338 5.791066
13.350367 5.505925
13.518545 5.2146783
13.677697 4.917639
13.82761 4.615125
13.968077 4.307464
14.098915 3.9949896
14.219944 3.6780446
14.331004 3.3569775
14.431944 3.0321429
14.522625 2.7039008
14.602932 2.3726177
14.67275 2.0386634
14.731989 1.7024119
14.780567 1.3642408
14.818417 1.0245304
14.8454895 0.6836636
14.861748 0.34202492
14.86717 0.0
14.861748 -0.34202492
14.8454895 -0.6836636
14.818417 -1.0245304
14.780567 -1.3642408
14.731989 -1.7024119
14.67275 -2.0386634
14.602932 -2.3726177
14.522625 -2.7039008
14.431944 -3.0321429
14.331004 -3.3569775
14.219944 -3.6780446
14.098915 -3.9949896
13.968077 -4.307464
13.82761 -4.615125
13.677697 -4.917639
13.518545 -5.2146783
13.350367 -5.505925
13.17338 -5.791066
12.987827 -6.0698037
12.793953 -6.341844
12.592019 -6.6069064
12.382288 -6.8647184
12.165044 -7.1150208
11.94057 -7.357563
11.709164 -7.592108
11.471128 -7.818428
11.226777 -8.036309
10.976432 -8.245552
10.720418 -8.445964
10.45907 -8.637373
10.192724 -8.819612
9.92173 -8.992533
9.646433 -9.155999
9.367189 -9.309889
9.084354 -9.454093
8.79829 -9.588514
8.50936 -9.713079
8.217929 -9.827716
7.924365 -9.932371
7.6290317 -10.02701
7.332302 -10.111607
7.034542 -10.18615
6.7361174 -10.250647
6.4373956 -10.305115
6.1387415 -10.349586
5.8405147 -10.384107
5.5430737 -10.408735
5.2467737 -10.423548
4.951965 -10.428631
4.6589937 -10.42408
4.368202 -10.410014
4.0799246 -10.386555
3.7944925 -10.353844
3.5122273 -10.312029
3.2334437 -10.261271
2.9584517 -10.201747
2.6875515 -10.13364
2.4210348 -10.057146
2.159185 -9.972474
1.9022768 -9.879835
1.6505742 -9.779459
1.4043325 -9.671583
1.1637957 -9.556448
0.929198 -9.434307
0.7007626 -9.305423
0.4787019 -9.170062
0.26321596 -9.0285015
0.05449432 -8.8810215
-0.14728701 -8.727911
-0.34196126 -8.569462
-0.529377 -8.405975
-0.7093924 -8.237753
-0.88188124 -8.065104
-1.0467271 -7.8883357
-1.203827 -7.707764
-1.353093 -7.523705
-1.4944458 -7.3364754
-1.6278236 -7.1463966
-1.7531741 -6.953788
-1.8704587 -6.75897
-1.9796538 -6.5622644
-2.080745 -6.363989
-2.173733 -6.1644654
-2.2586308 -5.9640083
-2.335463 -5.7629337
-2.4042678 -5.561552
-2.4650948 -5.360174
-2.5180054 -5.1591043
-2.5630727 -4.958644
-2.600382 -4.7590885
-2.6300294 -4.560729
-2.652123 -4.3638525
-2.66678 -4.1687384
-2.6741302 -3.9756603
-2.6743116 -3.784884
-2.6674738 -3.5966716
-2.6537738 -3.411273
-2.6333795 -3.2289324
-2.6064677 -3.0498867
-2.5732222 -2.8743625
-2.5338366 -2.7025793
-2.4885113 -2.5347457
-2.4374528 -2.3710635
-2.3808765 -2.2117214
-2.319003 -2.0569007
-2.2520585 -1.906772
-2.1802754 -1.7614956
-2.1038914 -1.6212199
-2.0231476 -1.486086
-1.9382904 -1.356221
-1.8495691 -1.2317426
-1.757236 -1.1127578
-1.6615477 -0.9993608
-1.5627606 -0.89163715
-1.4611347 -0.7896596
-1.356931 -0.69348943
-1.2504104 -0.603179
-1.1418352 -0.51876664
-1.0314665 -0.44028223
-0.91956633 -0.36774242
-0.80639416 -0.30115384
-0.69220877 -0.24051291
-0.5772668 -0.18580464
-0.4618225 -0.1370036
-0.34612733 -0.09407365
-0.23042953 -0.056968834
-0.11497356 -0.025632912
0.0 0.0
0.11425507 0.020005798
0.22756052 0.034469265
0.33969024 0.043484744
0.4504237 0.047155164
0.55954653 0.045592256
0.6668502 0.03891571
0.7721331 0.027253367
0.8752003 0.010740608
0.9758636 -0.010479301
1.0739431 -0.03625658
1.169266 -0.066435784
1.2616673 -0.10085327
1.3509902 -0.13934149
1.4370868 -0.18172562
1.5198168 -0.22782657
1.599049 -0.27746147
1.6746614 -0.330441
1.7465404 -0.38657397
1.8145819 -0.44566482
1.8786905 -0.50751406
1.9387805 -0.57192147
1.9947761 -0.6386828
2.0466094 -0.7075926
2.0942225 -0.77844447
2.1375675 -0.85102975
2.1766057 -0.9251404
2.211307 -1.0005679
2.241652 -1.0771033
2.2676294 -1.154539
2.289237 -1.2326673
2.3064828 -1.3112841
2.3193827 -1.3901844
2.3279614 -1.469167
2.332254 -1.5480337
2.3323016 -1.6265874
2.3281562 -1.7046356
2.3198755 -1.7819889
2.307527 -1.8584617
2.2911856 -1.9338737
2.2709327 -2.008048
2.2468584 -2.0808127
2.2190585 -2.1520019
2.1876364 -2.2214544
2.1527023 -2.289015
2.1143713 -2.3545349
2.0727658 -2.4178696
2.028012 -2.478884
1.9802428 -2.537447
1.9295969 -2.5934362
1.8762147 -2.6467352
1.8202437 -2.697234
1.7618338 -2.7448325
1.7011386 -2.7894351
1.6383158 -2.8309562
1.5735242 -2.869316
1.5069277 -2.904444
1.4386907 -2.9362764
1.3689785 -2.9647574
1.2979596 -2.98984
1.2258033 -3.0114837
1.1526792 -3.029657
1.0787568 -3.0443363
1.0042067 -3.0555053
0.92919815 -3.0631557
0.8539004 -3.0672874
0.7784813 -3.0679083
0.70310783 -3.0650322
0.62794405 -3.0586824
0.5531536 -3.0488887
0.47889656 -3.0356874
0.4053306 -3.019124
0.3326105 -2.999249
0.26088792 -2.9761205
0.19031113 -2.9498029
0.12102345 -2.9203682
0.053165764 -2.8878922
-0.0131267905 -2.852459
-0.07772288 -2.8141565
-0.14049742 -2.7730813
-0.20132762 -2.7293305
-0.2600987 -2.68301
-0.3166998 -2.6342297
-0.37102646 -2.5831027
-0.42297986 -2.5297475
-0.47246718 -2.4742854
-0.51940167 -2.416843
-0.56370264 -2.357548
-0.6052969 -2.2965336
-0.64411545 -2.2339334
-0.6800982 -2.1698847
-0.71319056 -2.1045265
-0.74334544 -2.038
-0.77052116 -1.9704467
-0.79468393 -1.9020109
-0.81580645 -1.8328356
-0.83386827 -1.7630665
-0.8488558 -1.6928482
-0.8607623 -1.6223257
-0.86958706 -1.5516427
-0.8753371 -1.4809439
-0.87802565 -1.4103713
-0.8776715 -1.3400661
-0.8743012 -1.2701678
-0.86794806 -1.2008142
-0.858649 -1.1321421
-0.8464502 -1.0642827
-0.8314016 -0.99736756
-0.81355953 -0.93152344
-0.7929865 -0.8668749
-0.7697495 -0.8035427
-0.743922 -0.7416432
-0.715581 -0.6812901
-0.6848097 -0.62259173
-0.6516955 -0.5656528
-0.6163298 -0.5105735
-0.5788089 -0.45744863
-0.5392322 -0.40636915
-0.4977038 -0.35742015
-0.45433038 -0.31068152
-0.40922245 -0.26622835
-0.36249328 -0.22412983
-0.3142587 -0.18444957
-0.2646372 -0.14724542
-0.21374905 -0.112570435
-0.16171655 -0.08047101
-0.10866412 -0.05098673
-0.054716513 -0.024153428
0.0 0.0
0.055357926 0.021451889
0.111230195 0.040184356
0.16748899 0.056186758
0.22400627 0.069455385
0.28065506 0.07999026
0.3373088 0.08779837
0.39384142 0.09289312
0.4501283 0.09529296
0.5060465 0.09502206
0.5614743 0.092110194
0.616292 0.086592965
0.67038226 0.07851119
0.7236302 0.06791037
0.77592325 0.05484259
0.8271519 0.039363295
0.8772098 0.021534115
0.9259937 0.0014204532
0.97340393 -0.020908013
1.0193447 -0.045375973
1.0637238 -0.071905434
1.1064533 -0.100413844
1.1474491 -0.13081461
1.1866319 -0.16301832
1.2239269 -0.19693121
1.2592635 -0.23245865
1.2925768 -0.2695001
1.3238056 -0.3079546
1.3528938 -0.34771815
1.3797913 -0.38868436
1.404453 -0.4307459
1.4268378 -0.47379246
1.4469113 -0.5177133
1.4646435 -0.5623959
1.4800103 -0.60772747
1.4929922 -0.65359384
1.503576 -0.6998813
1.5117533 -0.74647546
1.5175211 -0.79326177
1.5208821 -0.8401267
1.5218439 -0.8869569
1.5204191 -0.93363994
1.5166261 -0.9800645
1.5104882 -1.0261202
1.502033 -1.0716989
1.4912944 -1.1166937
1.4783103 -1.1609995
1.463123 -1.2045145
1.4457798 -1.2471383
1.4263331 -1.2887728
1.4048375 -1.329324
1.3813553 -1.3687
1.3559501 -1.406812
1.3286892 -1.4435751
1.2996451 -1.4789076
1.2688936 -1.5127318
1.2365127 -1.5449734
1.202584 -1.5755624
1.1671932 -1.6044325
1.1304274 -1.6315222
1.0923764 -1.6567738
1.0531322 -1.6801343
1.0127904 -1.7015551
0.9714463 -1.7209926
0.92919827 -1.7384073
0.8861455 -1.7537651
0.8423891 -1.7670357
0.7980306 -1.7781947
0.7531723 -1.7872217
0.70791686 -1.7941017
0.6623676 -1.7988245
0.61662817 -1.8013844
0.57080156 -1.8017809
0.5249907 -1.8000183
0.47929686 -1.7961059
0.4338228 -1.790057
0.38866773 -1.7818903
0.34393108 -1.7716289
0.2997106 -1.7593002
0.25610194 -1.7449365
0.21319938 -1.7285742
0.17109466 -1.7102541
0.12987763 -1.6900209
0.08963594 -1.6679239
0.050453544 -1.6440153
0.012412846 -1.6183522
-0.024407476 -1.5909947
-0.059931695 -1.5620065
-0.094086945 -1.5314546
-0.12680453 -1.4994085
-0.15801865 -1.4659423
-0.18766749 -1.4311311
-0.215693 -1.3950541
-0.24204093 -1.3577917
-0.26666117 -1.3194273
-0.2895074 -1.2800462
-0.31053764 -1.2397357
-0.32971436 -1.1985846
-0.34700412 -1.1566823
-0.36237776 -1.1141212
-0.37581068 -1.0709932
-0.38728273 -1.0273918
-0.39677796 -0.98341095
-0.4042851 -0.93914485
-0.40979722 -0.8946882
-0.41331223 -0.8501353
-0.4148318 -0.8055805
-0.41436237 -0.7611177
-0.4119152 -0.71683997
-0.40750507 -0.67283994
-0.4011517 -0.62920856
-0.3928787 -0.58603626
-0.38271362 -0.54341173
-0.37068883 -0.5014217
-0.35683978 -0.4601518
-0.3412065 -0.41968513
-0.32383248 -0.38010263
-0.30476475 -0.34148353
-0.28405422 -0.30390382
-0.26175475 -0.26743746
-0.23792402 -0.23215511
-0.21262251 -0.19812468
-0.18591361 -0.16541116
-0.15786374 -0.13407628
-0.12854195 -0.1041783
-0.09801976 -0.07577214
-0.06637101 -0.04890917
-0.03367176 -0.023637112
0.0 0.0
0.03456439 0.021962043
0.069940045 0.04221264
0.10604401 0.06071949
0.1427922 0.07745422
0.18009941 0.09239255
0.21787961 0.10551414
0.25604615 0.116802946
0.29451194 0.12624688
0.3331892 0.1338382
0.37199062 0.13957325
0.4108288 0.1434521
0.4496165 0.14547956
0.48826724 0.1456638
0.5266949 0.14401793
0.56481457 0.1405583
0.6025421 0.13530529
0.6397948 0.12828372
0.67649126 0.11952144
0.7125518 0.109050676
0.74789816 0.09690693
0.7824545 0.0831293
0.8161466 0.06776044
0.8489027 0.050846547
0.8806536 0.03243637
0.9113323 0.012582421
0.9408748 -0.00865981
0.96921927 -0.031232953
0.99630773 -0.055075467
1.0220846 -0.08012444
1.0464973 -0.106313765
1.0694971 -0.13357586
1.0910385 -0.1618402
1.1110787 -0.19103521
1.1295795 -0.22108698
1.1465056 -0.25191998
1.1618258 -0.28345764
1.1755118 -0.31562185
1.1875398 -0.34833342
1.1978897 -0.3815127
1.2065449 -0.4150787
1.2134929 -0.44895047
1.218725 -0.48304647
1.2222364 -0.5172848
1.2240262 -0.5515843
1.224097 -0.5858632
1.2224553 -0.6200402
1.2191122 -0.65403533
1.214081 -0.6877686
1.2073808 -0.7211609
1.1990321 -0.7541351
1.1890601 -0.7866139
1.1774945 -0.81852275
1.1643662 -0.84978807
1.1497114 -0.880338
1.1335686 -0.9101026
1.1159796 -0.9390142
1.0969896 -0.967007
1.0766467 -0.9940175
1.0550014 -1.019985
1.0321069 -1.0448513
1.0080198 -1.0685604
0.98279846 -1.0910594
0.95650345 -1.1122987
0.92919844 -1.132231
0.90094733 -1.1508133
0.87181777 -1.168004
0.84187835 -1.1837658
0.81119907 -1.1980656
0.7798514 -1.210872
0.7479083 -1.2221577
0.7154434 -1.2318997
0.68253136 -1.2400777
0.6492479 -1.2466748
0.61566883 -1.2516786
0.5818709 -1.2550793
0.54793054 -1.2568715
0.5139239 -1.2570529
0.47992796 -1.2556257
0.44601905 -1.2525946
0.4122728 -1.2479677
0.37876442 -1.2417586
0.3455679 -1.2339824
0.3127572 -1.224658
0.2804043 -1.2138083
0.24857983 -1.2014594
0.2173534 -1.1876409
0.18679374 -1.1723847
0.15696663 -1.1557262
0.12793589 -1.1377046
0.09976488 -1.1183611
0.07251334 -1.0977399
0.046239495 -1.075888
0.020998567 -1.0528557
-0.0031558871 -1.0286944
-0.02617395 -1.0034585
-0.048006922 -0.9772053
-0.06861058 -0.94999266
-0.08794263 -0.9218825
-0.10596377 -0.8929367
-0.122638375 -0.86321986
-0.13793272 -0.83279705
-0.1518181 -0.80173624
-0.16426754 -0.7701051
-0.17525724 -0.73797333
-0.18476799 -0.7054117
-0.19278389 -0.67249
-0.19929096 -0.639281
-0.20427957 -0.6058565
-0.20774391 -0.5722884
-0.20968106 -0.53864944
-0.21009126 -0.5050122
-0.2089788 -0.47144818
-0.20635083 -0.43802953
-0.20221874 -0.40482727
-0.19659594 -0.37191233
-0.18950006 -0.3393538
-0.18095233 -0.3072199
-0.17097569 -0.27557907
-0.15959726 -0.24449712
-0.14684708 -0.21403866
-0.132758 -0.18426698
-0.117365986 -0.1552433
-0.10070987 -0.12702718
-0.082830966 -0.09967602
-0.06377252 -0.073246
-0.04358188 -0.047789525
-0.022306954 -0.023358408
0.0 0.0
0.023286855 0.022238623
0.04749719 0.04331528
0.072574936 0.063188255
0.09846026 0.08182066
0.12509342 0.09917673
0.15241161 0.11522517
0.1803516 0.12993711
0.20884879 0.14328642
0.23783766 0.15525025
0.2672515 0.16580907
0.29702306 0.1749464
0.32708475 0.1826489
0.3573673 0.1889073
0.38780233 0.19371447
0.41832164 0.19706668
0.44885603 0.19896434
0.4793369 0.19941
0.50969553 0.19841012
0.5398648 0.19597398
0.56977713 0.19211455
0.59936595 0.18684775
0.62856585 0.1801921
0.65731263 0.17216945
0.6855421 0.16280568
0.7131934 0.15212798
0.7402056 0.14016661
0.7665195 0.12695548
0.7920786 0.112531275
0.8168269 0.096931934
0.8407116 0.08019936
0.8636812 0.062376946
0.88568723 0.043510914
0.9066819 0.023649693
0.9266216 0.0028427243
0.945464 -0.018856704
0.96316993 -0.04139507
0.9797032 -0.06471616
0.99502915 -0.08876288
1.0091171 -0.1134761
1.0219383 -0.13879609
1.0334682 -0.16466045
1.0436838 -0.19100738
1.0525652 -0.21777391
1.0600972 -0.24489522
1.0662658 -0.2723065
1.0710609 -0.29994285
1.074475 -0.32773906
1.0765043 -0.35562897
1.0771488 -0.38354695
1.0764093 -0.4114275
1.0742918 -0.43920523
1.0708048 -0.46681523
1.0659597 -0.4941926
1.0597706 -0.5212742
1.052255 -0.5479973
1.0434335 -0.5742996
1.0333289 -0.60012054
1.0219674 -0.62540036
1.0093782 -0.65008104
0.9955919 -0.674106
0.98064274 -0.69742
0.9645682 -0.7199698
0.94740605 -0.74170417
0.92919797 -0.7625734
0.9099882 -0.78252965
0.8898215 -0.80152863
0.86874634 -0.8195265
0.8468118 -0.83648294
0.8240695 -0.85236007
0.80057275 -0.8671216
0.7763762 -0.88073474
0.7515358 -0.89316916
0.72610897 -0.90439725
0.70015454 -0.9143937
0.6737318 -0.92313683
0.6469016 -0.93060714
0.6197252 -0.936788
0.5922644 -0.941667
0.5645816 -0.94523287
0.5367398 -0.9474782
0.50880176 -0.94839907
0.4808306 -0.9479933
0.4528895 -0.9462629
0.42504078 -0.9432121
0.39734703 -0.9388482
0.36987036 -0.93318194
0.34267175 -0.9262263
0.31581187 -0.9179974
0.28935027 -0.9085143
0.26334542 -0.89779836
0.23785502 -0.8858745
0.21293482 -0.8727695
0.18863976 -0.8585129
0.16502309 -0.84313726
0.1421361 -0.826677
0.12002885 -0.8091693
0.09874937 -0.79065305
0.07834321 -0.77116996
0.0588547 -0.7507636
0.040325284 -0.72947913
0.022794724 -0.7073642
0.0062998533 -0.68446803
-0.009123981 -0.660841
-0.02344498 -0.63653576
-0.036633223 -0.611606
-0.04866138 -0.58610654
-0.059505284 -0.56009364
-0.069143 -0.5336244
-0.07755536 -0.50675714
-0.084726244 -0.47955054
-0.0906423 -0.45206416
-0.09529275 -0.424358
-0.098670095 -0.39649254
-0.10076931 -0.36852825
-0.10158843 -0.34052593
-0.10112858 -0.31254616
-0.09939316 -0.28464955
-0.0963891 -0.25689623
-0.09212558 -0.22934595
-0.086615115 -0.20205788
-0.07987258 -0.17509036
-0.07191573 -0.14850119
-0.06276505 -0.12234698
-0.052443527 -0.09668326
-0.040976897 -0.071564406
-0.028393295 -0.047043454
-0.0147233475 -0.023171961
0.0 0.0
0.01574142 0.022424113
0.03246346 0.04405376
0.050126486 0.064844236
0.06868886 0.08475276
0.08810699 0.103738695
0.10833548 0.12176348
0.12932722 0.13879079
0.15103348 0.15478656
0.17340387 0.16971923
0.19638678 0.1835597
0.21992946 0.19628106
0.24397764 0.20785935
0.26847643 0.21827294
0.2933696 0.22750306
0.31860045 0.23553354
0.34411168 0.24235073
0.36984515 0.24794416
0.39574268 0.25230563
0.42174575 0.25543004
0.44779542 0.2573151
0.47383326 0.257961
0.49980047 0.2573711
0.52563894 0.25555107
0.55129063 0.25250965
0.5766983 0.24825835
0.6018053 0.24281108
0.62655556 0.2361846
0.6508941 0.2283982
0.6747669 0.2194739
0.698121 0.209436
0.72090536 0.19831127
0.743069 0.1861291
0.7645637 0.172921
0.7853422 0.15872055
0.80535907 0.14356387
0.82457054 0.12748903
0.84293497 0.11053598
0.86041254 0.092746615
0.87696546 0.07416469
0.8925583 0.0548355
0.9071574 0.034806192
0.9207319 0.0141249895
0.9332531 -0.0071581006
0.94469464 -0.028991878
0.9550327 -0.051324427
0.96424586 -0.074102044
0.97231543 -0.09727085
0.97922516 -0.12077594
0.9849616 -0.14456147
0.989514 -0.16857147
0.9928739 -0.19274932
0.995036 -0.21703827
0.99599725 -0.24138135
0.9957579 -0.26572126
0.99432003 -0.29000187
0.9916895 -0.31416583
0.98787403 -0.33815712
0.98288393 -0.36191994
0.9767326 -0.38539928
0.9694358 -0.4085403
0.961012 -0.43128967
0.9514818 -0.45359468
0.94086874 -0.47540373
0.929198 -0.4966668
0.9164982 -0.5173345
0.90279937 -0.53735936
0.8881339 -0.55669504
0.8725363 -0.57529765
0.8560434 -0.5931239
0.83869344 -0.61013305
0.82052726 -0.62628615
0.8015867 -0.64154625
0.7819158 -0.65587825
0.76155984 -0.66924906
0.74056613 -0.6816287
0.7189825 -0.69298834
0.6968586 -0.70330197
0.674245 -0.71254617
0.6511935 -0.7207002
0.6277566 -0.7277444
0.6039876 -0.7336633
0.57994056 -0.7384431
0.5556702 -0.7420727
0.53123116 -0.7445438
0.50667894 -0.74585074
0.48206896 -0.74599004
0.45745653 -0.7449613
0.43289727 -0.7427667
0.4084463 -0.7394107
0.38415855 -0.7349007
0.3600884 -0.72924674
0.33628958 -0.7224611
0.31281555 -0.7145588
0.28971857 -0.70555717
0.2670499 -0.6954761
0.24486017 -0.6843381
0.22319841 -0.67216766
0.20211285 -0.65899175
0.18164992 -0.6448393
0.1618551 -0.62974215
0.14277166 -0.61373335
0.1244418 -0.596848
0.10690564 -0.57912374
0.09020114 -0.5605997
0.074365556 -0.54131687
0.059432626 -0.5213174
0.04543507 -0.5006457
0.032402813 -0.47934705
0.020364165 -0.4574686
0.009344727 -0.4350583
-6.322861E-4 -0.41216546
-0.009545416 -0.38884035
-0.017376333 -0.3651341
-0.024109006 -0.34109873
-0.029729426 -0.3167869
-0.034226775 -0.29225165
-0.037592024 -0.2675468
-0.03981939 -0.24272627
-0.040905297 -0.21784398
-0.04084876 -0.1929543
-0.039651483 -0.16811138
-0.037317663 -0.14336911
-0.03385415 -0.11878114
-0.029269941 -0.09440087
-0.023576826 -0.07028096
-0.016789526 -0.04647337
-0.00892424 -0.023029553
0.0 0.0
0.009961294 0.022566048
0.020936362 0.044620067
0.03289914 0.06611495
0.045821004 0.087005064
0.05967208 0.10724582
0.074420094 0.12679432
0.09003039 0.14560941
0.10646692 0.1636514
0.12369162 0.18088257
0.14166488 0.19726688
0.16034515 0.21277027
0.17968962 0.22736093
0.19965401 0.24100879
0.22019234 0.2536863
0.24125794 0.26536775
0.2628026 0.27603006
0.28477716 0.2856522
0.30713192 0.29421538
0.32981578 0.30170375
0.35277745 0.3081033
0.3759649 0.31340283
0.39932552 0.31759346
0.42280674 0.32066876
0.44635522 0.32262534
0.46991822 0.3234613
0.4934425 0.3231784
0.51687515 0.3217802
0.54016316 0.3192727
0.5632547 0.31566483
0.586098 0.3109678
0.60864156 0.3051951
0.6308353 0.2983629
0.6526293 0.29048932
0.6739752 0.28159523
0.69482505 0.2717036
0.7151329 0.2608394
0.734853 0.24903005
0.7539424 0.23630512
0.77235794 0.22269583
0.7900594 0.20823586
0.8070075 0.19296002
0.82316494 0.17690563
0.83849597 0.16011167
0.85296726 0.14261806
0.8665467 0.12446725
0.8792047 0.10570228
0.89091396 0.086367846
0.90164906 0.06650972
0.9113865 0.046175122
0.92010546 0.025411963
0.9277877 0.0042696
0.93441653 -0.017202497
0.9399781 -0.0389539
0.94446105 -0.06093335
0.9478565 -0.08308947
0.95015764 -0.10537052
0.9513604 -0.12772429
0.95146316 -0.15009856
0.9504668 -0.17244124
0.94837445 -0.19470024
0.9451921 -0.21682382
0.9409277 -0.23876035
0.935592 -0.26045883
0.92919815 -0.28186905
0.92176145 -0.30294144
0.9132993 -0.32362664
0.90383226 -0.34387672
0.8933822 -0.36364508
0.88197374 -0.38288546
0.8696332 -0.40155363
0.85638946 -0.4196061
0.8422732 -0.437001
0.8273167 -0.45369792
0.8115548 -0.4696586
0.7950233 -0.4848454
0.7777604 -0.49922335
0.7598053 -0.512759
0.7411997 -0.5254209
0.72198516 -0.53717947
0.70220625 -0.54800695
0.6819075 -0.55787873
0.6611353 -0.56677115
0.63993704 -0.5746632
0.6183604 -0.5815365
0.5964545 -0.58737445
0.57426906 -0.5921633
0.5518542 -0.59589124
0.52926064 -0.59854895
0.50653917 -0.60012966
0.48374122 -0.600629
0.46091843 -0.600045
0.43812203 -0.5983781
0.4154033 -0.59563094
0.39281338 -0.59180933
0.37040317 -0.58692056
0.34822297 -0.5809751
0.32632256 -0.5739852
0.30475116 -0.5659658
0.28355694 -0.556934
0.26278728 -0.5469092
0.24248898 -0.53591317
0.22270697 -0.52396953
0.20348597 -0.5111042
0.18486845 -0.49734527
0.16689599 -0.48272255
0.14960873 -0.46726793
0.13304514 -0.45101508
0.11724168 -0.43399972
0.10223395 -0.4162588
0.088054776 -0.3978312
0.07473564 -0.37875718
0.062306046 -0.35907847
0.05079317 -0.3388382
0.040222585 -0.31808057
0.030617356 -0.29685104
0.021998227 -0.27519608
0.01438427 -0.25316307
0.007791877 -0.23080024
0.0022352934 -0.20815647
-0.0022738278 -0.18528132
-0.00572592 -0.16222471
-0.008113861 -0.13903709
-0.0094329715 -0.115769096
-0.009680897 -0.0924715
-0.008857876 -0.069195166
-0.0069663674 -0.045990814
-0.0040113106 -0.022909002
0.0 0.0
0.0050578415 0.022686372
0.011150219 0.045100812
0.018262759 0.06719464
0.02637887 0.08891994
0.035479575 0.11022968
0.04554388 0.1310777
0.056548536 0.15141904
0.06846827 0.17120983
0.08127552 0.19040738
0.09494096 0.20897056
0.10943353 0.22685945
0.12471986 0.24403583
0.14076537 0.260463
0.15753311 0.27610618
0.17498511 0.29093206
0.1930818 0.30490938
0.21178174 0.31800884
0.2310428 0.33020288
0.2508211 0.3414663
0.27107185 0.35177588
0.29174936 0.36111027
0.3128065 0.36945093
0.33419597 0.37678105
0.35586894 0.38308632
0.37777686 0.3883546
0.39987016 0.39257646
0.42209888 0.3957441
0.44441295 0.3978529
0.46676219 0.39890003
0.4890957 0.3988856
0.5113636 0.3978114
0.5335158 0.39568222
0.5555022 0.39250505
0.5772736 0.38828886
0.59878075 0.38304543
0.61997545 0.37678897
0.64081025 0.3695352
0.661238 0.3613026
0.68121296 0.35211205
0.7006904 0.34198618
0.7196266 0.33094954
0.7379791 0.31902957
0.7557069 0.30625463
0.7727703 0.29265618
0.7891309 0.27826595
0.8047521 0.26311874
0.81959957 0.24725056
0.8336395 0.23069906
0.8468407 0.2135036
0.859174 0.1957047
0.8706115 0.17734408
0.8811282 0.15846539
0.89070046 0.13911295
0.89930713 0.11933184
0.90692925 0.09916854
0.91354966 0.078670025
0.91915417 0.05788517
0.92373025 0.03686142
0.92726827 0.015647888
0.92976004 -0.0057053566
0.9312008 -0.027148247
0.9315873 -0.048631668
0.9309192 -0.0701046
0.92919815 -0.091517925
0.92642856 -0.11282158
0.92261684 -0.13396549
0.9177718 -0.15490103
0.9119051 -0.17557907
0.90502983 -0.19595242
0.89716184 -0.21597147
0.88831913 -0.23559189
0.8785219 -0.25476646
0.8677925 -0.2734518
0.85615563 -0.2916026
0.8436372 -0.30917692
0.83026624 -0.32613516
0.81607234 -0.3424368
0.80108833 -0.35804272
0.7853484 -0.37291718
0.7688868 -0.38702536
0.7517426 -0.40033293
0.7339535 -0.41281033
0.7155597 -0.42442608
0.6966033 -0.43515396
0.6771271 -0.44496775
0.65717435 -0.45384407
0.63679147 -0.461761
0.6160226 -0.4687004
0.59491634 -0.4746437
0.57351995 -0.47957706
0.55188084 -0.4834876
0.5300484 -0.48636484
0.5080724 -0.4882021
0.4860015 -0.4889927
0.46388578 -0.4887333
0.44177485 -0.48742342
0.41971922 -0.4850645
0.39776802 -0.48166037
0.37597084 -0.47721744
0.3543768 -0.47174406
0.33303452 -0.46525073
0.3119917 -0.45775127
0.29129648 -0.44926095
0.27099514 -0.43979716
0.25113297 -0.4293797
0.23175573 -0.41803074
0.21290588 -0.4057746
0.19462681 -0.39263678
0.17695856 -0.3786459
0.15994167 -0.36383128
0.14361429 -0.34822536
0.12801313 -0.3318615
0.113173485 -0.31477523
0.09912825 -0.29700375
0.08590984 -0.27858496
0.07354736 -0.25955892
0.062068462 -0.23996711
0.051499367 -0.21985209
0.04186392 -0.19925761
0.033183575 -0.17822826
0.025477886 -0.1568104
0.018764019 -0.13505018
0.013057709 -0.11299515
0.008370876 -0.09069359
0.004714966 -0.06819394
0.0020976067 -0.04554552
5.245209E-4 -0.022797659
