0.0 0.0
0.24774598 0.0
0.42726785 0.0
0.565826 0.0
0.6539569 0.0
0.7127808 0.0
0.71947265 0.0
0.6941202 0.0
0.6339251 0.0
0.5569135 0.0
0.47813898 0.0
0.38141826 0.0
0.33083665 0.0
0.32121038 0.0
0.35156456 0.0
0.39328152 0.0
0.46459907 0.0
0.5359166 0.0
0.57763356 0.0
0.57447064 0.0
0.532523 0.0
0.4507738 0.0
0.3239975 0.0
0.18829158 0.0
0.04750377 0.0
-0.051084876 0.0
-0.14388701 0.0
-0.21641737 0.0
-0.24172412 0.0
-0.2363105 0.0
-0.19246238 0.0
-0.12087597 0.0
0.0 0.0
0.12087597 0.0
0.19246238 0.0
0.2363105 0.0
0.24172412 0.0
0.21641737 0.0
0.14388701 0.0
0.051084876 0.0
-0.058339506 0.0
-0.18829158 0.0
-0.3239975 0.0
-0.4507738 0.0
-0.532523 0.0
-0.57447064 0.0
-0.57763356 0.0
-0.5359166 0.0
-0.46459907 0.0
-0.39328152 0.0
-0.35156456 0.0
-0.32121038 0.0
-0.33083665 0.0
-0.38141826 0.0
-0.47813898 0.0
-0.5569135 0.0
-0.64476085 0.0
-0.6941202 0.0
-0.71947265 0.0
-0.7127808 0.0
-0.6539569 0.0
-0.565826 0.0
-0.42726785 0.0
-0.24774598 0.0
0.0 0.0
0.24774598 0.0
0.42726785 0.0
0.565826 0.0
0.6539569 0.0
0.7127808 0.0
0.71947265 0.0
0.6941202 0.0
0.6339251 0.0
0.5569135 0.0
0.47813898 0.0
0.38141826 0.0
0.33083665 0.0
0.32121038 0.0
0.35156456 0.0
0.39328152 0.0
0.46459907 0.0
0.5359166 0.0
0.57763356 0.0
0.57447064 0.0
0.532523 0.0
0.4507738 0.0
0.3239975 0.0
0.18829158 0.0
0.04750377 0.0
-0.051084876 0.0
-0.14388701 0.0
-0.21641737 0.0
-0.24172412 0.0
-0.2363105 0.0
-0.19246238 0.0
-0.12087597 0.0
0.0 0.0
0.12087597 0.0
0.19246238 0.0
0.2363105 0.0
0.24172412 0.0
0.21641737 0.0
0.14388701 0.0
0.051084876 0.0
-0.058339506 0.0
-0.18829158 0.0
-0.3239975 0.0
-0.4507738 0.0
-0.532523 0.0
-0.57447064 0.0
-0.57763356 0.0
-0.5359166 0.0
-0.46459907 0.0
-0.39328152 0.0
-0.35156456 0.0
-0.32121038 0.0
-0.33083665 0.0
-0.38141826 0.0
-0.47813898 0.0
-0.5569135 0.0
-0.64476085 0.0
-0.6941202 0.0
-0.71947265 0.0
-0.7127808 0.0
-0.6539569 0.0
-0.565826 0.0
-0.42726785 0.0
-0.24774598 0.0
0.0 0.0
0.24774598 0.0
0.42726785 0.0
0.565826 0.0
0.6539569 0.0
0.7127808 0.0
0.71947265 0.0
0.6941202 0.0
0.6339251 0.0
0.5569135 0.0
0.47813898 0.0
0.38141826 0.0
0.33083665 0.0
0.32121038 0.0
0.35156456 0.0
0.39328152 0.0
0.46459907 0.0
0.5359166 0.0
0.57763356 0.0
0.57447064 0.0
0.532523 0.0
0.4507738 0.0
0.3239975 0.0
0.18829158 0.0
0.04750377 0.0
-0.051084876 0.0
-0.14388701 0.0
-0.21641737 0.0
-0.24172412 0.0
-0.2363105 0.0
-0.19246238 0.0
-0.12087597 0.0
0.0 0.0
0.12087597 0.0
0.19246238 0.0
0.2363105 0.0
0.24172412 0.0
0.21641737 0.0
0.14388701 0.0
0.051084876 0.0
-0.058339506 0.0
-0.18829158 0.0
-0.3239975 0.0
-0.4507738 0.0
-0.532523 0.0
-0.57447064 0.0
-0.57763356 0.0
-0.5359166 0.0
-0.46459907 0.0
-0.39328152 0.0
-0.35156456 0.0
-0.32121038 0.0
-0.33083665 0.0
-0.38141826 0.0
-0.47813898 0.0
-0.5569135 0.0
-0.64476085 0.0
-0.6941202 0.0
-0.71947265 0.0
-0.7127808 0.0
-0.6539569 0.0
-0.565826 0.0
-0.42726785 0.0
-0.24774598 0.0
0.0 0.0
0.24774598 0.0
0.42726785 0.0
0.565826 0.0
0.6539569 0.0
0.7127808 0.0
0.71947265 0.0
0.6941202 0.0
0.6339251 0.0
0.5569135 0.0
0.47813898 0.0
0.38141826 0.0
0.33083665 0.0
0.32121038 0.0
0.35156456 0.0
0.39328152 0.0
0.46459907 0.0
0.5359166 0.0
0.57763356 0.0
0.57447064 0.0
0.532523 0.0
0.4507738 0.0
0.3239975 0.0
0.18829158 0.0
0.04750377 0.0
-0.051084876 0.0
-0.14388701 0.0
-0.21641737 0.0
-0.24172412 0.0
-0.2363105 0.0
-0.19246238 0.0
-0.12087597 0.0
0.0 0.0
0.12087597 0.0
0.19246238 0.0
0.2363105 0.0
0.24172412 0.0
0.21641737 0.0
0.14388701 0.0
0.051084876 0.0
-0.058339506 0.0
-0.18829158 0.0
-0.3239975 0.0
-0.4507738 0.0
-0.532523 0.0
-0.57447064 0.0
-0.57763356 0.0
-0.5359166 0.0
-0.46459907 0.0
-0.39328152 0.0
-0.35156456 0.0
-0.32121038 0.0
-0.33083665 0.0
-0.38141826 0.0
-0.47813898 0.0
-0.5569135 0.0
-0.64476085 0.0
-0.6941202 0.0
-0.71947265 0.0
-0.7127808 0.0
-0.6539569 0.0
-0.565826 0.0
-0.42726785 0.0
-0.24774598 0.0
0.0 0.0
0.24774598 0.0
0.42726785 0.0
0.565826 0.0
0.6539569 0.0
0.7127808 0.0
0.71947265 0.0
0.6941202 0.0
0.6339251 0.0
0.5569135 0.0
0.47813898 0.0
0.38141826 0.0
0.33083665 0.0
0.32121038 0.0
0.35156456 0.0
0.39328152 0.0
0.46459907 0.0
0.5359166 0.0
0.57763356 0.0
0.57447064 0.0
0.532523 0.0
0.4507738 0.0
0.3239975 0.0
0.18829158 0.0
0.04750377 0.0
-0.051084876 0.0
-0.14388701 0.0
-0.21641737 0.0
-0.24172412 0.0
-0.2363105 0.0
-0.19246238 0.0
-0.12087597 0.0
0.0 0.0
0.12087597 0.0
0.19246238 0.0
0.2363105 0.0
0.24172412 0.0
0.21641737 0.0
0.14388701 0.0
0.051084876 0.0
-0.058339506 0.0
-0.18829158 0.0
-0.3239975 0.0
-0.4507738 0.0
-0.532523 0.0
-0.57447064 0.0
-0.57763356 0.0
-0.5359166 0.0
-0.46459907 0.0
-0.39328152 0.0
-0.35156456 0.0
-0.32121038 0.0
-0.33083665 0.0
-0.38141826 0.0
-0.47813898 0.0
-0.5569135 0.0
-0.64476085 0.0
-0.6941202 0.0
-0.71947265 0.0
-0.7127808 0.0
-0.6539569 0.0
-0.565826 0.0
-0.42726785 0.0
-0.24774598 0.0
0.0 0.0
0.24774598 0.0
0.42726785 0.0
0.565826 0.0
0.6539569 0.0
0.7127808 0.0
0.71947265 0.0
0.6941202 0.0
0.6339251 0.0
0.5569135 0.0
0.47813898 0.0
0.38141826 0.0
0.33083665 0.0
0.32121038 0.0
0.35156456 0.0
0.39328152 0.0
0.46459907 0.0
0.5359166 0.0
0.57763356 0.0
0.57447064 0.0
0.532523 0.0
0.4507738 0.0
0.3239975 0.0
0.18829158 0.0
0.04750377 0.0
-0.051084876 0.0
-0.14388701 0.0
-0.21641737 0.0
-0.24172412 0.0
-0.2363105 0.0
-0.19246238 0.0
-0.12087597 0.0
0.0 0.0
0.12087597 0.0
0.19246238 0.0
0.2363105 0.0
0.24172412 0.0
0.21641737 0.0
0.14388701 0.0
0.051084876 0.0
-0.058339506 0.0
-0.18829158 0.0
-0.3239975 0.0
-0.4507738 0.0
-0.532523 0.0
-0.57447064 0.0
-0.57763356 0.0
-0.5359166 0.0
-0.46459907 0.0
-0.39328152 0.0
-0.35156456 0.0
-0.32121038 0.0
-0.33083665 0.0
-0.38141826 0.0
-0.47813898 0.0
-0.5569135 0.0
-0.64476085 0.0
-0.6941202 0.0
-0.71947265 0.0
-0.7127808 0.0
-0.6539569 0.0
-0.565826 0.0
-0.42726785 0.0
-0.24774598 0.0
0.0 0.0
0.24774598 0.0
0.42726785 0.0
0.565826 0.0
0.6539569 0.0
0.7127808 0.0
0.71947265 0.0
0.6941202 0.0
0.6339251 0.0
0.5569135 0.0
0.47813898 0.0
0.38141826 0.0
0.33083665 0.0
0.32121038 0.0
0.35156456 0.0
0.39328152 0.0
0.46459907 0.0
0.5359166 0.0
0.57763356 0.0
0.57447064 0.0
0.532523 0.0
0.4507738 0.0
0.3239975 0.0
0.18829158 0.0
0.04750377 0.0
-0.051084876 0.0
-0.14388701 0.0
-0.21641737 0.0
-0.24172412 0.0
-0.2363105 0.0
-0.19246238 0.0
-0.12087597 0.0
0.0 0.0
0.12087597 0.0
0.19246238 0.0
0.2363105 0.0
0.24172412 0.0
0.21641737 0.0
0.14388701 0.0
0.051084876 0.0
-0.058339506 0.0
-0.18829158 0.0
-0.3239975 0.0
-0.4507738 0.0
-0.532523 0.0
-0.57447064 0.0
-0.57763356 0.0
-0.5359166 0.0
-0.46459907 0.0
-0.39328152 0.0
-0.35156456 0.0
-0.32121038 0.0
-0.33083665 0.0
-0.38141826 0.0
-0.47813898 0.0
-0.5569135 0.0
-0.64476085 0.0
-0.6941202 0.0
-0.71947265 0.0
-0.7127808 0.0
-0.6539569 0.0
-0.565826 0.0
-0.42726785 0.0
-0.24774598 0.0
0.0 0.0
0.24774598 0.0
0.42726785 0.0
0.565826 0.0
0.6539569 0.0
0.7127808 0.0
0.71947265 0.0
0.6941202 0.0
0.6339251 0.0
0.5569135 0.0
0.47813898 0.0
0.38141826 0.0
0.33083665 0.0
0.32121038 0.0
0.35156456 0.0
0.39328152 0.0
0.46459907 0.0
0.5359166 0.0
0.57763356 0.0
0.57447064 0.0
0.532523 0.0
0.4507738 0.0
0.3239975 0.0
0.18829158 0.0
0.04750377 0.0
-0.051084876 0.0
-0.14388701 0.0
-0.21641737 0.0
-0.24172412 0.0
-0.2363105 0.0
-0.19246238 0.0
-0.12087597 0.0
0.0 0.0
0.12087597 0.0
0.19246238 0.0
0.2363105 0.0
0.24172412 0.0
0.21641737 0.0
0.14388701 0.0
0.051084876 0.0
-0.058339506 0.0
-0.18829158 0.0
-0.3239975 0.0
-0.4507738 0.0
-0.532523 0.0
-0.57447064 0.0
-0.57763356 0.0
-0.5359166 0.0
-0.46459907 0.0
-0.39328152 0.0
-0.35156456 0.0
-0.32121038 0.0
-0.33083665 0.0
-0.38141826 0.0
-0.47813898 0.0
-0.5569135 0.0
-0.64476085 0.0
-0.6941202 0.0
-0.71947265 0.0
-0.7127808 0.0
-0.6539569 0.0
-0.565826 0.0
-0.42726785 0.0
-0.24774598 0.0
0.0 0.0
0.24774598 0.0
0.42726785 0.0
0.565826 0.0
0.6539569 0.0
0.7127808 0.0
0.71947265 0.0
0.6941202 0.0
0.6339251 0.0
0.5569135 0.0
0.47813898 0.0
0.38141826 0.0
0.33083665 0.0
0.32121038 0.0
0.35156456 0.0
0.39328152 0.0
0.46459907 0.0
0.5359166 0.0
0.57763356 0.0
0.57447064 0.0
0.532523 0.0
0.4507738 0.0
0.3239975 0.0
0.18829158 0.0
0.04750377 0.0
-0.051084876 0.0
-0.14388701 0.0
-0.21641737 0.0
-0.24172412 0.0
-0.2363105 0.0
-0.19246238 0.0
-0.12087597 0.0
0.0 0.0
0.12087597 0.0
0.19246238 0.0
0.2363105 0.0
0.24172412 0.0
0.21641737 0.0
0.14388701 0.0
0.051084876 0.0
-0.058339506 0.0
-0.18829158 0.0
-0.3239975 0.0
-0.4507738 0.0
-0.532523 0.0
-0.57447064 0.0
-0.57763356 0.0
-0.5359166 0.0
-0.46459907 0.0
-0.39328152 0.0
-0.35156456 0.0
-0.32121038 0.0
-0.33083665 0.0
-0.38141826 0.0
-0.47813898 0.0
-0.5569135 0.0
-0.64476085 0.0
-0.6941202 0.0
-0.71947265 0.0
-0.7127808 0.0
-0.6539569 0.0
-0.565826 0.0
-0.42726785 0.0
-0.24774598 0.0
0.0 0.0
0.24774598 0.0
0.42726785 0.0
0.565826 0.0
0.6539569 0.0
0.7127808 0.0
0.71947265 0.0
0.6941202 0.0
0.6339251 0.0
0.5569135 0.0
0.47813898 0.0
0.38141826 0.0
0.33083665 0.0
0.32121038 0.0
0.35156456 0.0
0.39328152 0.0
0.46459907 0.0
0.5359166 0.0
0.57763356 0.0
0.57447064 0.0
0.532523 0.0
0.4507738 0.0
0.3239975 0.0
0.18829158 0.0
0.04750377 0.0
-0.051084876 0.0
-0.14388701 0.0
-0.21641737 0.0
-0.24172412 0.0
-0.2363105 0.0
-0.19246238 0.0
-0.12087597 0.0
0.0 0.0
0.12087597 0.0
0.19246238 0.0
0.2363105 0.0
0.24172412 0.0
0.21641737 0.0
0.14388701 0.0
0.051084876 0.0
-0.058339506 0.0
-0.18829158 0.0
-0.3239975 0.0
-0.4507738 0.0
-0.532523 0.0
-0.57447064 0.0
-0.57763356 0.0
-0.5359166 0.0
-0.46459907 0.0
-0.39328152 0.0
-0.35156456 0.0
-0.32121038 0.0
-0.33083665 0.0
-0.38141826 0.0
-0.47813898 0.0
-0.5569135 0.0
-0.64476085 0.0
-0.6941202 0.0
-0.71947265 0.0
-0.7127808 0.0
-0.6539569 0.0
-0.565826 0.0
-0.42726785 0.0
-0.24774598 0.0
0.0 0.0
0.24774598 0.0
0.42726785 0.0
0.565826 0.0
0.6539569 0.0
0.7127808 0.0
0.71947265 0.0
0.6941202 0.0
0.6339251 0.0
0.5569135 0.0
0.47813898 0.0
0.38141826 0.0
0.33083665 0.0
0.32121038 0.0
0.35156456 0.0
0.39328152 0.0
0.46459907 0.0
0.5359166 0.0
0.57763356 0.0
0.57447064 0.0
0.532523 0.0
0.4507738 0.0
0.3239975 0.0
0.18829158 0.0
0.04750377 0.0
-0.051084876 0.0
-0.14388701 0.0
-0.21641737 0.0
-0.24172412 0.0
-0.2363105 0.0
-0.19246238 0.0
-0.12087597 0.0
0.0 0.0
0.12087597 0.0
0.19246238 0.0
0.2363105 0.0
0.24172412 0.0
0.21641737 0.0
0.14388701 0.0
0.051084876 0.0
-0.058339506 0.0
-0.18829158 0.0
-0.3239975 0.0
-0.4507738 0.0
-0.532523 0.0
-0.57447064 0.0
-0.57763356 0.0
-0.5359166 0.0
-0.46459907 0.0
-0.39328152 0.0
-0.35156456 0.0
-0.32121038 0.0
-0.33083665 0.0
-0.38141826 0.0
-0.47813898 0.0
-0.5569135 0.0
-0.64476085 0.0
-0.6941202 0.0
-0.71947265 0.0
-0.7127808 0.0
-0.6539569 0.0
-0.565826 0.0
-0.42726785 0.0
-0.24774598 0.0
0.0 0.0
0.24774598 0.0
0.42726785 0.0
0.565826 0.0
0.6539569 0.0
0.7127808 0.0
0.71947265 0.0
0.6941202 0.0
0.6339251 0.0
0.5569135 0.0
0.47813898 0.0
0.38141826 0.0
0.33083665 0.0
0.32121038 0.0
0.35156456 0.0
0.39328152 0.0
0.46459907 0.0
0.5359166 0.0
0.57763356 0.0
0.57447064 0.0
0.532523 0.0
0.4507738 0.0
0.3239975 0.0
0.18829158 0.0
0.04750377 0.0
-0.051084876 0.0
-0.14388701 0.0
-0.21641737 0.0
-0.24172412 0.0
-0.2363105 0.0
-0.19246238 0.0
-0.12087597 0.0
0.0 0.0
0.12087597 0.0
0.19246238 0.0
0.2363105 0.0
0.24172412 0.0
0.21641737 0.0
0.14388701 0.0
0.051084876 0.0
-0.058339506 0.0
-0.18829158 0.0
-0.3239975 0.0
-0.4507738 0.0
-0.532523 0.0
-0.57447064 0.0
-0.57763356 0.0
-0.5359166 0.0
-0.46459907 0.0
-0.39328152 0.0
-0.35156456 0.0
-0.32121038 0.0
-0.33083665 0.0
-0.38141826 0.0
-0.47813898 0.0
-0.5569135 0.0
-0.64476085 0.0
-0.6941202 0.0
-0.71947265 0.0
-0.7127808 0.0
-0.6539569 0.0
-0.565826 0.0
-0.42726785 0.0
-0.24774598 0.0
0.0 0.0
0.24774598 0.0
0.42726785 0.0
0.565826 0.0
0.6539569 0.0
0.7127808 0.0
0.71947265 0.0
0.6941202 0.0
0.6339251 0.0
0.5569135 0.0
0.47813898 0.0
0.38141826 0.0
0.33083665 0.0
0.32121038 0.0
0.35156456 0.0
0.39328152 0.0
0.46459907 0.0
0.5359166 0.0
0.57763356 0.0
0.57447064 0.0
0.532523 0.0
0.4507738 0.0
0.3239975 0.0
0.18829158 0.0
0.04750377 0.0
-0.051084876 0.0
-0.14388701 0.0
-0.21641737 0.0
-0.24172412 0.0
-0.2363105 0.0
-0.19246238 0.0
-0.12087597 0.0
0.0 0.0
0.12087597 0.0
0.19246238 0.0
0.2363105 0.0
0.24172412 0.0
0.21641737 0.0
0.14388701 0.0
0.051084876 0.0
-0.058339506 0.0
-0.18829158 0.0
-0.3239975 0.0
-0.4507738 0.0
-0.532523 0.0
-0.57447064 0.0
-0.57763356 0.0
-0.5359166 0.0
-0.46459907 0.0
-0.39328152 0.0
-0.35156456 0.0
-0.32121038 0.0
-0.33083665 0.0
-0.38141826 0.0
-0.47813898 0.0
-0.5569135 0.0
-0.64476085 0.0
-0.6941202 0.0
-0.71947265 0.0
-0.7127808 0.0
-0.6539569 0.0
-0.565826 0.0
-0.42726785 0.0
-0.24774598 0.0
0.0 0.0
0.24774598 0.0
0.42726785 0.0
0.565826 0.0
0.6539569 0.0
0.7127808 0.0
0.71947265 0.0
0.6941202 0.0
0.6339251 0.0
0.5569135 0.0
0.47813898 0.0
0.38141826 0.0
0.33083665 0.0
0.32121038 0.0
0.35156456 0.0
0.39328152 0.0
0.46459907 0.0
0.5359166 0.0
0.57763356 0.0
0.57447064 0.0
0.532523 0.0
0.4507738 0.0
0.3239975 0.0
0.18829158 0.0
0.04750377 0.0
-0.051084876 0.0
-0.14388701 0.0
-0.21641737 0.0
-0.24172412 0.0
-0.2363105 0.0
-0.19246238 0.0
-0.12087597 0.0
0.0 0.0
0.12087597 0.0
0.19246238 0.0
0.2363105 0.0
0.24172412 0.0
0.21641737 0.0
0.14388701 0.0
0.051084876 0.0
-0.058339506 0.0
-0.18829158 0.0
-0.3239975 0.0
-0.4507738 0.0
-0.532523 0.0
-0.57447064 0.0
-0.57763356 0.0
-0.5359166 0.0
-0.46459907 0.0
-0.39328152 0.0
-0.35156456 0.0
-0.32121038 0.0
-0.33083665 0.0
-0.38141826 0.0
-0.47813898 0.0
-0.5569135 0.0
-0.64476085 0.0
-0.6941202 0.0
-0.71947265 0.0
-0.7127808 0.0
-0.6539569 0.0
-0.565826 0.0
-0.42726785 0.0
-0.24774598 0.0
0.0 0.0
0.24774598 0.0
0.42726785 0.0
0.565826 0.0
0.6539569 0.0
0.7127808 0.0
0.71947265 0.0
0.6941202 0.0
0.6339251 0.0
0.5569135 0.0
0.47813898 0.0
0.38141826 0.0
0.33083665 0.0
0.32121038 0.0
0.35156456 0.0
0.39328152 0.0
0.46459907 0.0
0.5359166 0.0
0.57763356 0.0
0.57447064 0.0
0.532523 0.0
0.4507738 0.0
0.3239975 0.0
0.18829158 0.0
0.04750377 0.0
-0.051084876 0.0
-0.14388701 0.0
-0.21641737 0.0
-0.24172412 0.0
-0.2363105 0.0
-0.19246238 0.0
-0.12087597 0.0
0.0 0.0
0.12087597 0.0
0.19246238 0.0
0.2363105 0.0
0.24172412 0.0
0.21641737 0.0
0.14388701 0.0
0.051084876 0.0
-0.058339506 0.0
-0.18829158 0.0
-0.3239975 0.0
-0.4507738 0.0
-0.532523 0.0
-0.57447064 0.0
-0.57763356 0.0
-0.5359166 0.0
-0.46459907 0.0
-0.39328152 0.0
-0.35156456 0.0
-0.32121038 0.0
-0.33083665 0.0
-0.38141826 0.0
-0.47813898 0.0
-0.5569135 0.0
-0.64476085 0.0
-0.6941202 0.0
-0.71947265 0.0
-0.7127808 0.0
-0.6539569 0.0
-0.565826 0.0
-0.42726785 0.0
-0.24774598 0.0
0.0 0.0
0.24774598 0.0
0.42726785 0.0
0.565826 0.0
0.6539569 0.0
0.7127808 0.0
0.71947265 0.0
0.6941202 0.0
0.6339251 0.0
0.5569135 0.0
0.47813898 0.0
0.38141826 0.0
0.33083665 0.0
0.32121038 0.0
0.35156456 0.0
0.39328152 0.0
0.46459907 0.0
0.5359166 0.0
0.57763356 0.0
0.57447064 0.0
0.532523 0.0
0.4507738 0.0
0.3239975 0.0
0.18829158 0.0
0.04750377 0.0
-0.051084876 0.0
-0.14388701 0.0
-0.21641737 0.0
-0.24172412 0.0
-0.2363105 0.0
-0.19246238 0.0
-0.12087597 0.0
0.0 0.0
0.12087597 0.0
0.19246238 0.0
0.2363105 0.0
0.24172412 0.0
0.21641737 0.0
0.14388701 0.0
0.051084876 0.0
-0.058339506 0.0
-0.18829158 0.0
-0.3239975 0.0
-0.4507738 0.0
-0.532523 0.0
-0.57447064 0.0
-0.57763356 0.0
-0.5359166 0.0
-0.46459907 0.0
-0.39328152 0.0
-0.35156456 0.0
-0.32121038 0.0
-0.33083665 0.0
-0.38141826 0.0
-0.47813898 0.0
-0.5569135 0.0
-0.64476085 0.0
-0.6941202 0.0
-0.71947265 0.0
-0.7127808 0.0
-0.6539569 0.0
-0.565826 0.0
-0.42726785 0.0
-0.24774598 0.0
0.0 0.0
0.24774598 0.0
0.42726785 0.0
0.565826 0.0
0.6539569 0.0
0.7127808 0.0
0.71947265 0.0
0.6941202 0.0
0.6339251 0.0
0.5569135 0.0
0.47813898 0.0
0.38141826 0.0
0.33083665 0.0
0.32121038 0.0
0.35156456 0.0
0.39328152 0.0
0.46459907 0.0
0.5359166 0.0
0.57763356 0.0
0.57447064 0.0
0.532523 0.0
0.4507738 0.0
0.3239975 0.0
0.18829158 0.0
0.04750377 0.0
-0.051084876 0.0
-0.14388701 0.0
-0.21641737 0.0
-0.24172412 0.0
-0.2363105 0.0
-0.19246238 0.0
-0.12087597 0.0
0.0 0.0
0.12087597 0.0
0.19246238 0.0
0.2363105 0.0
0.24172412 0.0
0.21641737 0.0
0.14388701 0.0
0.051084876 0.0
-0.058339506 0.0
-0.18829158 0.0
-0.3239975 0.0
-0.4507738 0.0
-0.532523 0.0
-0.57447064 0.0
-0.57763356 0.0
-0.5359166 0.0
-0.46459907 0.0
-0.39328152 0.0
-0.35156456 0.0
-0.32121038 0.0
-0.33083665 0.0
-0.38141826 0.0
-0.47813898 0.0
-0.5569135 0.0
-0.64476085 0.0
-0.6941202 0.0
-0.71947265 0.0
-0.7127808 0.0
-0.6539569 0.0
-0.565826 0.0
-0.42726785 0.0
-0.24774598 0.0
0.0 0.0
0.24774598 0.0
0.42726785 0.0
0.565826 0.0
0.6539569 0.0
0.7127808 0.0
0.71947265 0.0
0.6941202 0.0
0.6339251 0.0
0.5569135 0.0
0.47813898 0.0
0.38141826 0.0
0.33083665 0.0
0.32121038 0.0
0.35156456 0.0
0.39328152 0.0
0.46459907 0.0
0.5359166 0.0
0.57763356 0.0
0.57447064 0.0
0.532523 0.0
0.4507738 0.0
0.3239975 0.0
0.18829158 0.0
0.04750377 0.0
-0.051084876 0.0
-0.14388701 0.0
-0.21641737 0.0
-0.24172412 0.0
-0.2363105 0.0
-0.19246238 0.0
-0.12087597 0.0
0.0 0.0
0.12087597 0.0
0.19246238 0.0
0.2363105 0.0
0.24172412 0.0
0.21641737 0.0
0.14388701 0.0
0.051084876 0.0
-0.058339506 0.0
-0.18829158 0.0
-0.3239975 0.0
-0.4507738 0.0
-0.532523 0.0
-0.57447064 0.0
-0.57763356 0.0
-0.5359166 0.0
-0.46459907 0.0
-0.39328152 0.0
-0.35156456 0.0
-0.32121038 0.0
-0.33083665 0.0
-0.38141826 0.0
-0.47813898 0.0
-0.5569135 0.0
-0.64476085 0.0
-0.6941202 0.0
-0.71947265 0.0
-0.7127808 0.0
-0.6539569 0.0
-0.565826 0.0
-0.42726785 0.0
-0.24774598 0.0
0.0 0.0
0.24774598 0.0
0.42726785 0.0
0.565826 0.0
0.6539569 0.0
0.7127808 0.0
0.71947265 0.0
0.6941202 0.0
0.6339251 0.0
0.5569135 0.0
0.47813898 0.0
0.38141826 0.0
0.33083665 0.0
0.32121038 0.0
0.35156456 0.0
0.39328152 0.0
0.46459907 0.0
0.5359166 0.0
0.57763356 0.0
0.57447064 0.0
0.532523 0.0
0.4507738 0.0
0.3239975 0.0
0.18829158 0.0
0.04750377 0.0
-0.051084876 0.0
-0.14388701 0.0
-0.21641737 0.0
-0.24172412 0.0
-0.2363105 0.0
-0.19246238 0.0
-0.12087597 0.0
0.0 0.0
0.12087597 0.0
0.19246238 0.0
0.2363105 0.0
0.24172412 0.0
0.21641737 0.0
0.14388701 0.0
0.051084876 0.0
-0.058339506 0.0
-0.18829158 0.0
-0.3239975 0.0
-0.4507738 0.0
-0.532523 0.0
-0.57447064 0.0
-0.57763356 0.0
-0.5359166 0.0
-0.46459907 0.0
-0.39328152 0.0
-0.35156456 0.0
-0.32121038 0.0
-0.33083665 0.0
-0.38141826 0.0
-0.47813898 0.0
-0.5569135 0.0
-0.64476085 0.0
-0.6941202 0.0
-0.71947265 0.0
-0.7127808 0.0
-0.6539569 0.0
-0.565826 0.0
-0.42726785 0.0
-0.24774598 0.0
0.0 0.0
0.24774598 0.0
0.42726785 0.0
0.565826 0.0
0.6539569 0.0
0.7127808 0.0
0.71947265 0.0
0.6941202 0.0
0.6339251 0.0
0.5569135 0.0
0.47813898 0.0
0.38141826 0.0
0.33083665 0.0
0.32121038 0.0
0.35156456 0.0
0.39328152 0.0
0.46459907 0.0
0.5359166 0.0
0.57763356 0.0
0.57447064 0.0
0.532523 0.0
0.4507738 0.0
0.3239975 0.0
0.18829158 0.0
0.04750377 0.0
-0.051084876 0.0
-0.14388701 0.0
-0.21641737 0.0
-0.24172412 0.0
-0.2363105 0.0
-0.19246238 0.0
-0.12087597 0.0
0.0 0.0
0.12087597 0.0
0.19246238 0.0
0.2363105 0.0
0.24172412 0.0
0.21641737 0.0
0.14388701 0.0
0.051084876 0.0
-0.058339506 0.0
-0.18829158 0.0
-0.3239975 0.0
-0.4507738 0.0
-0.532523 0.0
-0.57447064 0.0
-0.57763356 0.0
-0.5359166 0.0
-0.46459907 0.0
-0.39328152 0.0
-0.35156456 0.0
-0.32121038 0.0
-0.33083665 0.0
-0.38141826 0.0
-0.47813898 0.0
-0.5569135 0.0
-0.64476085 0.0
-0.6941202 0.0
-0.71947265 0.0
-0.7127808 0.0
-0.6539569 0.0
-0.565826 0.0
-0.42726785 0.0
-0.24774598 0.0
0.0 0.0
0.24774598 0.0
0.42726785 0.0
0.565826 0.0
0.6539569 0.0
0.7127808 0.0
0.71947265 0.0
0.6941202 0.0
0.6339251 0.0
0.5569135 0.0
0.47813898 0.0
0.38141826 0.0
0.33083665 0.0
0.32121038 0.0
0.35156456 0.0
0.39328152 0.0
0.46459907 0.0
0.5359166 0.0
0.57763356 0.0
0.57447064 0.0
0.532523 0.0
0.4507738 0.0
0.3239975 0.0
0.18829158 0.0
0.04750377 0.0
-0.051084876 0.0
-0.14388701 0.0
-0.21641737 0.0
-0.24172412 0.0
-0.2363105 0.0
-0.19246238 0.0
-0.12087597 0.0
0.0 0.0
0.12087597 0.0
0.19246238 0.0
0.2363105 0.0
0.24172412 0.0
0.21641737 0.0
0.14388701 0.0
0.051084876 0.0
-0.058339506 0.0
-0.18829158 0.0
-0.3239975 0.0
-0.4507738 0.0
-0.532523 0.0
-0.57447064 0.0
-0.57763356 0.0
-0.5359166 0.0
-0.46459907 0.0
-0.39328152 0.0
-0.35156456 0.0
-0.32121038 0.0
-0.33083665 0.0
-0.38141826 0.0
-0.47813898 0.0
-0.5569135 0.0
-0.64476085 0.0
-0.6941202 0.0
-0.71947265 0.0
-0.7127808 0.0
-0.6539569 0.0
-0.565826 0.0
-0.42726785 0.0
-0.24774598 0.0
0.0 0.0
0.24774598 0.0
0.42726785 0.0
0.565826 0.0
0.6539569 0.0
0.7127808 0.0
0.71947265 0.0
0.6941202 0.0
0.6339251 0.0
0.5569135 0.0
0.47813898 0.0
0.38141826 0.0
0.33083665 0.0
0.32121038 0.0
0.35156456 0.0
0.39328152 0.0
0.46459907 0.0
0.5359166 0.0
0.57763356 0.0
0.57447064 0.0
0.532523 0.0
0.4507738 0.0
0.3239975 0.0
0.18829158 0.0
0.04750377 0.0
-0.051084876 0.0
-0.14388701 0.0
-0.21641737 0.0
-0.24172412 0.0
-0.2363105 0.0
-0.19246238 0.0
-0.12087597 0.0
0.0 0.0
0.12087597 0.0
0.19246238 0.0
0.2363105 0.0
0.24172412 0.0
0.21641737 0.0
0.14388701 0.0
0.051084876 0.0
-0.058339506 0.0
-0.18829158 0.0
-0.3239975 0.0
-0.4507738 0.0
-0.532523 0.0
-0.57447064 0.0
-0.57763356 0.0
-0.5359166 0.0
-0.46459907 0.0
-0.39328152 0.0
-0.35156456 0.0
-0.32121038 0.0
-0.33083665 0.0
-0.38141826 0.0
-0.47813898 0.0
-0.5569135 0.0
-0.64476085 0.0
-0.6941202 0.0
-0.71947265 0.0
-0.7127808 0.0
-0.6539569 0.0
-0.565826 0.0
-0.42726785 0.0
-0.24774598 0.0
0.0 0.0
0.24774598 0.0
0.42726785 0.0
0.565826 0.0
0.6539569 0.0
0.7127808 0.0
0.71947265 0.0
0.6941202 0.0
0.6339251 0.0
0.5569135 0.0
0.47813898 0.0
0.38141826 0.0
0.33083665 0.0
0.32121038 0.0
0.35156456 0.0
0.39328152 0.0
0.46459907 0.0
0.5359166 0.0
0.57763356 0.0
0.57447064 0.0
0.532523 0.0
0.4507738 0.0
0.3239975 0.0
0.18829158 0.0
0.04750377 0.0
-0.051084876 0.0
-0.14388701 0.0
-0.21641737 0.0
-0.24172412 0.0
-0.2363105 0.0
-0.19246238 0.0
-0.12087597 0.0
0.0 0.0
0.12087597 0.0
0.19246238 0.0
0.2363105 0.0
0.24172412 0.0
0.21641737 0.0
0.14388701 0.0
0.051084876 0.0
-0.058339506 0.0
-0.18829158 0.0
-0.3239975 0.0
-0.4507738 0.0
-0.532523 0.0
-0.57447064 0.0
-0.57763356 0.0
-0.5359166 0.0
-0.46459907 0.0
-0.39328152 0.0
-0.35156456 0.0
-0.32121038 0.0
-0.33083665 0.0
-0.38141826 0.0
-0.47813898 0.0
-0.5569135 0.0
-0.64476085 0.0
-0.6941202 0.0
-0.71947265 0.0
-0.7127808 0.0
-0.6539569 0.0
-0.565826 0.0
-0.42726785 0.0
-0.24774598 0.0
0.0 0.0
0.24774598 0.0
0.42726785 0.0
0.565826 0.0
0.6539569 0.0
0.7127808 0.0
0.71947265 0.0
0.6941202 0.0
0.6339251 0.0
0.5569135 0.0
0.47813898 0.0
0.38141826 0.0
0.33083665 0.0
0.32121038 0.0
0.35156456 0.0
0.39328152 0.0
0.46459907 0.0
0.5359166 0.0
0.57763356 0.0
0.57447064 0.0
0.532523 0.0
0.4507738 0.0
0.3239975 0.0
0.18829158 0.0
0.04750377 0.0
-0.051084876 0.0
-0.14388701 0.0
-0.21641737 0.0
-0.24172412 0.0
-0.2363105 0.0
-0.19246238 0.0
-0.12087597 0.0
0.0 0.0
0.12087597 0.0
0.19246238 0.0
0.2363105 0.0
0.24172412 0.0
0.21641737 0.0
0.14388701 0.0
0.051084876 0.0
-0.058339506 0.0
-0.18829158 0.0
-0.3239975 0.0
-0.4507738 0.0
-0.532523 0.0
-0.57447064 0.0
-0.57763356 0.0
-0.5359166 0.0
-0.46459907 0.0
-0.39328152 0.0
-0.35156456 0.0
-0.32121038 0.0
-0.33083665 0.0
-0.38141826 0.0
-0.47813898 0.0
-0.5569135 0.0
-0.64476085 0.0
-0.6941202 0.0
-0.71947265 0.0
-0.7127808 0.0
-0.6539569 0.0
-0.565826 0.0
-0.42726785 0.0
-0.24774598 0.0
0.0 0.0
0.24774598 0.0
0.42726785 0.0
0.565826 0.0
0.6539569 0.0
0.7127808 0.0
0.71947265 0.0
0.6941202 0.0
0.6339251 0.0
0.5569135 0.0
0.47813898 0.0
0.38141826 0.0
0.33083665 0.0
0.32121038 0.0
0.35156456 0.0
0.39328152 0.0
0.46459907 0.0
0.5359166 0.0
0.57763356 0.0
0.57447064 0.0
0.532523 0.0
0.4507738 0.0
0.3239975 0.0
0.18829158 0.0
0.04750377 0.0
-0.051084876 0.0
-0.14388701 0.0
-0.21641737 0.0
-0.24172412 0.0
-0.2363105 0.0
-0.19246238 0.0
-0.12087597 0.0
0.0 0.0
0.12087597 0.0
0.19246238 0.0
0.2363105 0.0
0.24172412 0.0
0.21641737 0.0
0.14388701 0.0
0.051084876 0.0
-0.058339506 0.0
-0.18829158 0.0
-0.3239975 0.0
-0.4507738 0.0
-0.532523 0.0
-0.57447064 0.0
-0.57763356 0.0
-0.5359166 0.0
-0.46459907 0.0
-0.39328152 0.0
-0.35156456 0.0
-0.32121038 0.0
-0.33083665 0.0
-0.38141826 0.0
-0.47813898 0.0
-0.5569135 0.0
-0.64476085 0.0
-0.6941202 0.0
-0.71947265 0.0
-0.7127808 0.0
-0.6539569 0.0
-0.565826 0.0
-0.42726785 0.0
-0.24774598 0.0
0.0 0.0
0.24774598 0.0
0.42726785 0.0
0.565826 0.0
0.6539569 0.0
0.7127808 0.0
0.71947265 0.0
0.6941202 0.0
0.6339251 0.0
0.5569135 0.0
0.47813898 0.0
0.38141826 0.0
0.33083665 0.0
0.32121038 0.0
0.35156456 0.0
0.39328152 0.0
0.46459907 0.0
0.5359166 0.0
0.57763356 0.0
0.57447064 0.0
0.532523 0.0
0.4507738 0.0
0.3239975 0.0
0.18829158 0.0
0.04750377 0.0
-0.051084876 0.0
-0.14388701 0.0
-0.21641737 0.0
-0.24172412 0.0
-0.2363105 0.0
-0.19246238 0.0
-0.12087597 0.0
0.0 0.0
0.12087597 0.0
0.19246238 0.0
0.2363105 0.0
0.24172412 0.0
0.21641737 0.0
0.14388701 0.0
0.051084876 0.0
-0.058339506 0.0
-0.18829158 0.0
-0.3239975 0.0
-0.4507738 0.0
-0.532523 0.0
-0.57447064 0.0
-0.57763356 0.0
-0.5359166 0.0
-0.46459907 0.0
-0.39328152 0.0
-0.35156456 0.0
-0.32121038 0.0
-0.33083665 0.0
-0.38141826 0.0
-0.47813898 0.0
-0.5569135 0.0
-0.64476085 0.0
-0.6941202 0.0
-0.71947265 0.0
-0.7127808 0.0
-0.6539569 0.0
-0.565826 0.0
-0.42726785 0.0
-0.24774598 0.0
0.0 0.0
0.24774598 0.0
0.42726785 0.0
0.565826 0.0
0.6539569 0.0
0.7127808 0.0
0.71947265 0.0
0.6941202 0.0
0.6339251 0.0
0.5569135 0.0
0.47813898 0.0
0.38141826 0.0
0.33083665 0.0
0.32121038 0.0
0.35156456 0.0
0.39328152 0.0
0.46459907 0.0
0.5359166 0.0
0.57763356 0.0
0.57447064 0.0
0.532523 0.0
0.4507738 0.0
0.3239975 0.0
0.18829158 0.0
0.04750377 0.0
-0.051084876 0.0
-0.14388701 0.0
-0.21641737 0.0
-0.24172412 0.0
-0.2363105 0.0
-0.19246238 0.0
-0.12087597 0.0
0.0 0.0
0.12087597 0.0
0.19246238 0.0
0.2363105 0.0
0.24172412 0.0
0.21641737 0.0
0.14388701 0.0
0.051084876 0.0
-0.058339506 0.0
-0.18829158 0.0
-0.3239975 0.0
-0.4507738 0.0
-0.532523 0.0
-0.57447064 0.0
-0.57763356 0.0
-0.5359166 0.0
-0.46459907 0.0
-0.39328152 0.0
-0.35156456 0.0
-0.32121038 0.0
-0.33083665 0.0
-0.38141826 0.0
-0.47813898 0.0
-0.5569135 0.0
-0.64476085 0.0
-0.6941202 0.0
-0.71947265 0.0
-0.7127808 0.0
-0.6539569 0.0
-0.565826 0.0
-0.42726785 0.0
-0.24774598 0.0
0.0 0.0
0.24774598 0.0
0.42726785 0.0
0.565826 0.0
0.6539569 0.0
0.7127808 0.0
0.71947265 0.0
0.6941202 0.0
0.6339251 0.0
0.5569135 0.0
0.47813898 0.0
0.38141826 0.0
0.33083665 0.0
0.32121038 0.0
0.35156456 0.0
0.39328152 0.0
0.46459907 0.0
0.5359166 0.0
0.57763356 0.0
0.57447064 0.0
0.532523 0.0
0.4507738 0.0
0.3239975 0.0
0.18829158 0.0
0.04750377 0.0
-0.051084876 0.0
-0.14388701 0.0
-0.21641737 0.0
-0.24172412 0.0
-0.2363105 0.0
-0.19246238 0.0
-0.12087597 0.0
0.0 0.0
0.12087597 0.0
0.19246238 0.0
0.2363105 0.0
0.24172412 0.0
0.21641737 0.0
0.14388701 0.0
0.051084876 0.0
-0.058339506 0.0
-0.18829158 0.0
-0.3239975 0.0
-0.4507738 0.0
-0.532523 0.0
-0.57447064 0.0
-0.57763356 0.0
-0.5359166 0.0
-0.46459907 0.0
-0.39328152 0.0
-0.35156456 0.0
-0.32121038 0.0
-0.33083665 0.0
-0.38141826 0.0
-0.47813898 0.0
-0.5569135 0.0
-0.64476085 0.0
-0.6941202 0.0
-0.71947265 0.0
-0.7127808 0.0
-0.6539569 0.0
-0.565826 0.0
-0.42726785 0.0
-0.24774598 0.0
0.0 0.0
0.24774598 0.0
0.42726785 0.0
0.565826 0.0
0.6539569 0.0
0.7127808 0.0
0.71947265 0.0
0.6941202 0.0
0.6339251 0.0
0.5569135 0.0
0.47813898 0.0
0.38141826 0.0
0.33083665 0.0
0.32121038 0.0
0.35156456 0.0
0.39328152 0.0
0.46459907 0.0
0.5359166 0.0
0.57763356 0.0
0.57447064 0.0
0.532523 0.0
0.4507738 0.0
0.3239975 0.0
0.18829158 0.0
0.04750377 0.0
-0.051084876 0.0
-0.14388701 0.0
-0.21641737 0.0
-0.24172412 0.0
-0.2363105 0.0
-0.19246238 0.0
-0.12087597 0.0
0.0 0.0
0.12087597 0.0
0.19246238 0.0
0.2363105 0.0
0.24172412 0.0
0.21641737 0.0
0.14388701 0.0
0.051084876 0.0
-0.058339506 0.0
-0.18829158 0.0
-0.3239975 0.0
-0.4507738 0.0
-0.532523 0.0
-0.57447064 0.0
-0.57763356 0.0
-0.5359166 0.0
-0.46459907 0.0
-0.39328152 0.0
-0.35156456 0.0
-0.32121038 0.0
-0.33083665 0.0
-0.38141826 0.0
-0.47813898 0.0
-0.5569135 0.0
-0.64476085 0.0
-0.6941202 0.0
-0.71947265 0.0
-0.7127808 0.0
-0.6539569 0.0
-0.565826 0.0
-0.42726785 0.0
-0.24774598 0.0
0.0 0.0
0.24774598 0.0
0.42726785 0.0
0.565826 0.0
0.6539569 0.0
0.7127808 0.0
0.71947265 0.0
0.6941202 0.0
0.6339251 0.0
0.5569135 0.0
0.47813898 0.0
0.38141826 0.0
0.33083665 0.0
0.32121038 0.0
0.35156456 0.0
0.39328152 0.0
0.46459907 0.0
0.5359166 0.0
0.57763356 0.0
0.57447064 0.0
0.532523 0.0
0.4507738 0.0
0.3239975 0.0
0.18829158 0.0
0.04750377 0.0
-0.051084876 0.0
-0.14388701 0.0
-0.21641737 0.0
-0.24172412 0.0
-0.2363105 0.0
-0.19246238 0.0
-0.12087597 0.0
0.0 0.0
0.12087597 0.0
0.19246238 0.0
0.2363105 0.0
0.24172412 0.0
0.21641737 0.0
0.14388701 0.0
0.051084876 0.0
-0.058339506 0.0
-0.18829158 0.0
-0.3239975 0.0
-0.4507738 0.0
-0.532523 0.0
-0.57447064 0.0
-0.57763356 0.0
-0.5359166 0.0
-0.46459907 0.0
-0.39328152 0.0
-0.35156456 0.0
-0.32121038 0.0
-0.33083665 0.0
-0.38141826 0.0
-0.47813898 0.0
-0.5569135 0.0
-0.64476085 0.0
-0.6941202 0.0
-0.71947265 0.0
-0.7127808 0.0
-0.6539569 0.0
-0.565826 0.0
-0.42726785 0.0
-0.24774598 0.0
0.0 0.0
0.24774598 0.0
0.42726785 0.0
0.565826 0.0
0.6539569 0.0
0.7127808 0.0
0.71947265 0.0
0.6941202 0.0
0.6339251 0.0
0.5569135 0.0
0.47813898 0.0
0.38141826 0.0
0.33083665 0.0
0.32121038 0.0
0.35156456 0.0
0.39328152 0.0
0.46459907 0.0
0.5359166 0.0
0.57763356 0.0
0.57447064 0.0
0.532523 0.0
0.4507738 0.0
0.3239975 0.0
0.18829158 0.0
0.04750377 0.0
-0.051084876 0.0
-0.14388701 0.0
-0.21641737 0.0
-0.24172412 0.0
-0.2363105 0.0
-0.19246238 0.0
-0.12087597 0.0
0.0 0.0
0.12087597 0.0
0.19246238 0.0
0.2363105 0.0
0.24172412 0.0
0.21641737 0.0
0.14388701 0.0
0.051084876 0.0
-0.058339506 0.0
-0.18829158 0.0
-0.3239975 0.0
-0.4507738 0.0
-0.532523 0.0
-0.57447064 0.0
-0.57763356 0.0
-0.5359166 0.0
-0.46459907 0.0
-0.39328152 0.0
-0.35156456 0.0
-0.32121038 0.0
-0.33083665 0.0
-0.38141826 0.0
-0.47813898 0.0
-0.5569135 0.0
-0.64476085 0.0
-0.6941202 0.0
-0.71947265 0.0
-0.7127808 0.0
-0.6539569 0.0
-0.565826 0.0
-0.42726785 0.0
-0.24774598 0.0
0.0 0.0
0.24774598 0.0
0.42726785 0.0
0.565826 0.0
0.6539569 0.0
0.7127808 0.0
0.71947265 0.0
0.6941202 0.0
0.6339251 0.0
0.5569135 0.0
0.47813898 0.0
0.38141826 0.0
0.33083665 0.0
0.32121038 0.0
0.35156456 0.0
0.39328152 0.0
0.46459907 0.0
0.5359166 0.0
0.57763356 0.0
0.57447064 0.0
0.532523 0.0
0.4507738 0.0
0.3239975 0.0
0.18829158 0.0
0.04750377 0.0
-0.051084876 0.0
-0.14388701 0.0
-0.21641737 0.0
-0.24172412 0.0
-0.2363105 0.0
-0.19246238 0.0
-0.12087597 0.0
0.0 0.0
0.12087597 0.0
0.19246238 0.0
0.2363105 0.0
0.24172412 0.0
0.21641737 0.0
0.14388701 0.0
0.051084876 0.0
-0.058339506 0.0
-0.18829158 0.0
-0.3239975 0.0
-0.4507738 0.0
-0.532523 0.0
-0.57447064 0.0
-0.57763356 0.0
-0.5359166 0.0
-0.46459907 0.0
-0.39328152 0.0
-0.35156456 0.0
-0.32121038 0.0
-0.33083665 0.0
-0.38141826 0.0
-0.47813898 0.0
-0.5569135 0.0
-0.64476085 0.0
-0.6941202 0.0
-0.71947265 0.0
-0.7127808 0.0
-0.6539569 0.0
-0.565826 0.0
-0.42726785 0.0
-0.24774598 0.0
