59.46868 0.0
59.096184 -5.7289476
57.98713 -11.349529
56.166702 -16.756111
53.676025 -21.848454
50.571182 -26.534195
46.921623 -30.731152
42.80832 -34.3693
38.321632 -37.39244
33.55891 -39.759407
28.62188 -41.445023
23.614037 -42.440353
18.637981 -42.75278
13.792749 -42.40545
9.171411 -41.4364
4.8587284 -39.897194
0.92919767 -37.851334
-2.5546632 -35.372253
-5.5436344 -32.541138
-8.002721 -29.444588
-9.911644 -26.172108
-11.264966 -22.813677
-12.071723 -19.457253
-12.354703 -16.186481
-12.149345 -13.078543
-11.502289 -10.202259
-10.469672 -7.6164823
-9.115164 -5.3688226
-7.5078783 -3.494753
-5.7201624 -2.0170603
-3.8253703 -0.9457437
-1.8956778 -0.27822608
0.0 0.0
1.7979217 -0.08556178
3.4412127 -0.49967176
4.8812904 -1.1988535
6.0789866 -2.1331131
7.0053453 -3.247768
7.642063 -4.4853935
7.9815865 -5.7877464
8.026882 -7.097684
7.790851 -8.360949
7.2954764 -9.527811
6.570696 -10.554499
5.653055 -11.404402
4.584211 -12.048964
3.4092984 -12.468309
2.1752682 -12.651566
0.92919844 -12.596831
-0.28332132 -12.310909
-1.4196981 -11.808699
-2.4417078 -11.11239
-3.316651 -10.250385
-4.01829 -9.256101
-4.5275426 -8.166588
-4.8328857 -7.0211186
-4.9305105 -5.8597093
-4.8241887 -4.7216825
-4.524886 -3.644301
-4.050137 -2.6615102
-3.423212 -1.8028286
-2.672111 -1.092444
-1.8284125 -0.5485226
-0.92604494 -0.18272531
0.0 0.0
0.9149481 0.0014036968
1.785481 -0.17032495
2.5808885 -0.5010336
3.2740953 -0.9712889
3.8425303 -1.5572085
4.268812 -2.2314572
4.541234 -2.9643216
4.6540294 -3.7248318
4.60742 -4.481925
4.407446 -5.2055655
4.065601 -5.8677983
3.5982697 -6.4437094
3.0260057 -6.9122458
2.3726833 -7.2568855
1.6645471 -7.466119
0.9291989 -7.533739
0.19455665 -7.458946
-0.51216704 -7.246231
-1.16544 -6.905098
-1.742307 -6.4495845
-2.2231624 -5.8976517
-2.592393 -5.2704344
-2.838857 -4.591389
-2.9561918 -3.8853896
-2.9429388 -3.1777813
-2.8024921 -2.4934363
-2.5428658 -1.8558567
-2.1763003 -1.2863399
-1.7187259 -0.80323875
-1.1890972 -0.4213555
-0.60863537 -0.15146336
0.0 0.0
0.61357236 0.031086426
1.209136 -0.055683486
1.7648731 -0.253499
2.2608778 -0.5516001
2.679851 -0.9357431
3.007683 -1.3887993
3.2339206 -1.8914373
3.352077 -2.4228783
3.3597963 -2.9616928
3.2588687 -3.486598
3.0550804 -3.9772456
2.7579303 -4.414952
2.3802152 -4.78336
1.9374847 -5.069001
1.447434 -5.2617435
0.9291995 -5.3551006
0.40262228 -5.346416
-0.11248344 -5.236886
-0.59707665 -5.0314565
-1.033581 -4.7385674
-1.4065024 -4.36979
-1.7029791 -3.939333
-1.9132075 -3.4634814
-2.0307581 -2.9599566
-2.0527573 -2.447227
-1.9799361 -1.9438211
-1.8165507 -1.4676332
-1.5701592 -1.035267
-1.2512934 -0.6614466
-0.87302345 -0.35848394
-0.45042643 -0.13588047
0.0 0.0
0.4609738 0.046116725
0.9150841 0.0028076023
1.3454392 -0.12626669
1.7362869 -0.33430654
2.0735846 -0.6116872
2.345496 -0.9463397
2.5428002 -1.3242484
2.659193 -1.7299953
2.6914845 -2.1473522
2.6396713 -2.5599055
2.5068917 -2.9516587
2.299262 -3.3076267
2.025609 -3.6143854
1.6971073 -3.8605385
1.3268201 -4.037123
0.9291973 -4.1379075
0.51951504 -4.1595845
0.11328834 -4.1018577
-0.27430302 -3.967411
-0.6289762 -3.7617662
-0.937873 -3.4930444
-1.190013 -3.1716237
-1.3766842 -2.8097262
-1.4917358 -2.4209337
-1.5317752 -2.0196688
-1.4962611 -1.6206403
-1.3874857 -1.2382932
-1.2104527 -0.88627255
-0.9726597 -0.57692206
-0.68378305 -0.32084215
-0.35529265 -0.12651129
0.0 0.0
0.36843675 0.055230156
0.7360332 0.038422704
1.0890048 -0.04847677
1.4142809 -0.20092802
1.6999829 -0.41199297
1.9358557 -0.6726274
2.1136327 -0.9720404
2.2273173 -1.2981192
2.2733872 -1.6378996
2.250893 -1.9780562
2.1614647 -2.305408
2.0092232 -2.607411
1.8005962 -2.8726153
1.5440526 -3.0910833
1.2497627 -3.2547488
0.9291977 -3.3576903
0.5946881 -3.396336
0.2589503 -3.3695638
-0.06539214 -3.2787251
-0.36627996 -3.127561
-0.6326636 -2.9220378
-0.8549073 -2.6701021
-1.0251327 -2.3813586
-1.1374962 -2.0666947
-1.1883879 -1.7378579
-1.1765404 -1.407009
-1.103053 -1.0862608
-0.97132707 -0.7872236
-0.7869138 -0.5205764
-0.55728334 -0.29567945
-0.29152733 -0.12023089
0.0 0.0
0.30608144 0.061371714
0.6150665 0.06248468
0.9153121 0.004212618
1.1956191 -0.11035551
1.4456472 -0.2760479
1.6562943 -0.4858299
1.8200262 -0.73108363
1.9311435 -1.0019451
1.9859765 -1.2876878
1.9830042 -1.5771313
1.9228915 -1.8590701
1.8084426 -2.122683
1.6444743 -2.3579495
1.4376194 -2.5560064
1.1960582 -2.709475
0.9291984 -2.8127227
0.64730966 -2.8620584
0.361134 -2.855851
0.0814729 -2.7945762
-0.181214 -2.680773
-0.4172013 -2.518936
-0.61785185 -2.3153248
-0.77593744 -2.077714
-0.885891 -1.8150887
-0.9440046 -1.5372977
-0.9485516 -1.2546725
-0.89983296 -0.9776372
-0.80014825 -0.7163188
-0.65369326 -0.48016477
-0.46638417 -0.27759868
-0.24562159 -0.115709655
0.0 0.0
0.26102576 0.065809205
0.5275023 0.079902135
0.78935564 0.04242091
1.0367713 -0.04455839
1.2605596 -0.17711583
1.4524953 -0.34965593
1.6056209 -0.55512583
1.714494 -0.7852962
1.7753825 -1.0310783
1.7863874 -1.2828739
1.7475019 -1.5309373
1.6605939 -1.7657461
1.5293247 -1.978353
1.3589919 -2.1607213
1.1563201 -2.306017
0.92919844 -2.4088554
0.68636894 -2.4654953
0.4370966 -2.4739635
0.19081852 -2.4341147
-0.043219894 -2.3476229
-0.25629896 -2.2179089
-0.44056338 -2.0499902
-0.58929193 -1.8502855
-0.69716525 -1.6263635
-0.7604306 -1.3866435
-0.7770469 -1.1400766
-0.7467426 -0.8958102
-0.67101365 -0.6628294
-0.5530536 -0.44963673
-0.3976202 -0.26392063
-0.21084735 -0.11228444
0.0 0.0
0.22680259 0.069180205
0.4609015 0.0931497
0.69342786 0.07151973
0.9156338 0.0056182593
1.1192284 -0.10157408
1.2966752 -0.24554059
1.4414821 -0.4204208
1.5484269 -0.61922854
1.6137521 -0.8341325
1.6352975 -1.0567496
1.6125551 -1.2784715
1.5466995 -1.4907792
1.4405112 -1.6855758
1.2982746 -1.855475
1.1255975 -1.9940858
0.9291979 -2.0962377
0.71663773 -2.1581702
0.49603412 -2.1776645
0.2757549 -2.154115
0.064095885 -2.088542
-0.13102734 -1.9835416
-0.30237418 -1.843178
-0.4436504 -1.6728206
-0.54973453 -1.4789329
-0.6168662 -1.2688221
-0.6427742 -1.0503583
-0.62675697 -0.831675
-0.56969374 -0.62086153
-0.47400627 -0.42565727
-0.34355247 -0.253166
-0.18347552 -0.10958882
0.0 0.0
0.1998086 0.07183857
0.4083155 0.103609964
0.6176071 0.09452013
0.8197916 0.04531765
1.0072947 -0.04174328
1.1731436 -0.16299912
1.3112246 -0.31352115
1.4165094 -0.48731104
1.4852357 -0.6775336
1.5150416 -0.876777
1.5050467 -1.0773368
1.4558743 -1.2715094
1.3696206 -1.4518785
1.2497642 -1.6115946
1.1010294 -1.7446303
0.9291979 -1.8459998
0.74088824 -1.9119413
0.5432979 -1.9400516
0.3439308 -1.9293683
0.15031242 -1.8803965
-0.030292451 -1.7950814
-0.19115502 -1.6767262
-0.3263271 -1.5298619
-0.4308666 -1.3600646
-0.50101316 -1.173744
-0.53432536 -0.9778949
-0.52976257 -0.7798308
-0.48771858 -0.5869063
-0.40999666 -0.40624008
-0.29973322 -0.24444962
-0.1612736 -0.10740204
0.0 0.0
0.17787649 0.07399878
0.36555466 0.11211568
0.5559027 0.11323808
0.7417293 0.07765198
0.91605306 0.0070262104
1.0723662 -0.09566173
1.2048763 -0.22624338
1.30872 -0.3795219
1.380141 -0.5494754
1.4166268 -0.72948843
1.4169945 -0.91260284
1.3814294 -1.0917826
1.3114697 -1.2601795
1.2099409 -1.41139
1.0808448 -1.5396931
0.92919827 -1.640264
0.760842 -1.7093492
0.58221483 -1.7444028
0.40010807 -1.7441764
0.22140768 -1.7087574
0.052834332 -1.639561
-0.09930816 -1.5392685
-0.22936958 -1.4117191
-0.3325616 -1.2617595
-0.4051335 -1.0950577
-0.44450903 -0.91788185
-0.44937673 -0.73686355
-0.41973227 -0.5587453
-0.35687292 -0.39012536
-0.2633409 -0.23721087
-0.14282194 -0.10558476
0.0 0.0
0.15962407 0.075796425
0.32994425 0.11919897
0.5044819 0.12883633
0.67663264 0.104616
0.83991545 0.047722682
0.988216 -0.039434522
1.1160154 -0.15331694
1.2185956 -0.28939742
1.292213 -0.44233495
1.3342338 -0.6061788
1.3432298 -0.7745984
1.3190234 -0.94112164
1.2626916 -1.0993803
1.1765155 -1.2433491
1.063892 -1.3675721
0.9291984 -1.4673638
0.7776215 -1.5389854
0.61496115 -1.5797758
0.4474078 -1.5882514
0.28130376 -1.5641549
0.12291038 -1.5084589
-0.02183485 -1.4233216
-0.14753616 -1.3120042
-0.24954087 -1.1787393
-0.32411295 -1.0285659
-0.36856717 -0.86713886
-0.38136804 -0.7005122
-0.36218035 -0.5349063
-0.3118758 -0.3764762
-0.23249799 -0.23107569
-0.127175 -0.10404347
0.0 0.0
0.1441281 0.07732284
0.29969436 0.12521613
0.46077728 0.1420935
0.62127316 0.1275469
0.7751301 0.08235113
0.9165722 0.008436292
1.0403194 -0.09119472
1.1417812 -0.2125831
1.2172287 -0.35096657
1.2639315 -0.5009646
1.2802552 -0.6567819
1.2657175 -0.81242996
1.2210037 -0.96195483
1.1479337 -1.0996575
1.0493884 -1.2203128
0.9291979 -1.3193601
0.7919923 -1.3930746
0.6430222 -1.4387041
0.48795998 -1.4545677
0.3326835 -1.440114
0.18305272 -1.3959398
0.04469067 -1.3237591
-0.07722986 -1.2263364
-0.17817846 -1.1073766
-0.2544337 -0.97138166
-0.30322298 -0.8234774
-0.32282057 -0.66921794
-0.3126094 -0.51437366
-0.27310032 -0.36471322
-0.20590599 -0.22578634
-0.11367773 -0.10271429
0.0 0.0
0.13074839 0.07864043
0.27356267 0.13041395
0.42300326 0.15355253
0.57340354 0.1473749
0.7190828 0.11230905
0.85456234 0.049869925
0.97477055 -0.037400484
1.0752321 -0.146034
1.1522353 -0.27177155
1.2029676 -0.40972495
1.2256197 -0.5545658
1.219449 -0.7007277
1.1848028 -0.84261566
1.1231018 -0.9748196
1.0367818 -1.0923165
0.9291978 -1.1906576
0.8044949 -1.266135
0.6674455 -1.3159187
0.5232718 -1.3381592
0.37744325 -1.3320541
0.2354706 -1.297873
0.102697164 -1.2369459
-0.015899986 -1.1516054
-0.11589903 -1.0450972
-0.19359693 -0.9214542
-0.24614593 -0.78533953
-0.27165788 -0.641871
-0.26927277 -0.49642292
-0.23918623 -0.3544253
-0.18263802 -0.2211579
-0.10186268 -0.10155061
0.0 0.0
0.11902598 0.07979502
0.25065824 0.13497
0.38988084 0.16360027
0.5314106 0.16476887
0.66989565 0.13860005
0.8001194 0.08624765
0.91719705 0.009849131
1.0167558 -0.08755791
1.0951022 -0.20215416
1.1493546 -0.3294871
1.177553 -0.46463865
1.1787267 -0.6024142
1.1529282 -0.7375387
1.101229 -0.86485666
1.025673 -0.97952574
0.9291979 -1.0771989
0.815521 -1.1541853
0.6889936 -1.2075896
0.5544386 -1.2354164
0.41696444 -1.2366414
0.28177115 -1.2112508
0.15395492 -1.1602337
0.038315803 -1.0855436
-0.060823232 -0.99002147
-0.13977611 -0.8772843
-0.19563153 -0.7515873
-0.22636065 -0.617659
-0.23088935 -0.48052415
-0.209137 -0.34531015
-0.16201392 -0.21705562
-0.091386184 -0.10051875
0.0 0.0
0.108623855 0.08081951
0.23032598 0.1390143
0.36046708 0.17252278
0.49410558 0.18022127
0.62618333 0.1619647
0.7517189 0.11858773
0.8659941 0.05186999
0.96473116 -0.03553316
1.0442536 -0.14019525
1.1016215 -0.2580505
1.1347425 -0.38454592
1.1424439 -0.51482093
1.1245193 -0.64388496
1.0817266 -0.7668135
1.0157645 -0.8789264
0.92919815 -0.97596735
0.8253625 -1.0542647
0.7082329 -1.1108671
0.5822769 -1.1436474
0.45227602 -1.1513919
0.32315508 -1.1338271
0.1997841 -1.0916446
0.08680788 -1.0264562
-0.011545628 -0.9407435
-0.091603965 -0.8377507
-0.15040326 -0.7213673
-0.1857897 -0.595974
-0.19650012 -0.4662789
-0.1822057 -0.33714044
-0.14352366 -0.21337713
-0.08199023 -0.09959304
0.0 0.0
0.09928797 0.08173907
0.21207187 0.1426457
0.33405164 0.18053639
0.4605916 0.19410338
0.5869013 0.18296139
0.7082093 0.14765984
0.81994987 0.089657545
0.917933 0.011265695
0.9984983 -0.08444345
1.0586569 -0.19374692
1.0961946 -0.3124293
1.1097643 -0.4359244
1.0989208 -0.55950475
1.0641499 -0.6784483
1.006831 -0.7882277
0.92919815 -0.8846702
0.8342408 -0.96412194
0.7255952 -1.0235808
0.60740495 -1.0608084
0.48416284 -1.0744103
0.3605359 -1.063892
0.24119577 -1.0296683
0.13063595 -0.9730505
0.033008635 -0.89618945
-0.048036724 -0.8019961
-0.10948649 -0.69402695
-0.14907485 -0.57634896
-0.16536856 -0.45338446
-0.15781772 -0.32974255
-0.12677424 -0.210046
-0.073476665 -0.098754846
0.0 0.0
0.09082441 0.082572624
0.19551817 0.14593801
0.31008843 0.18780494
0.43018082 0.20669964
0.5512439 0.20202076
0.66870284 0.17405745
0.7781304 0.12397811
0.8754158 0.053782225
0.95691705 -0.033775747
1.0195985 -0.13529366
1.0611432 -0.24685186
1.0800389 -0.36416203
1.0756328 -0.48272985
1.0481528 -0.59802634
0.99869907 -0.7056579
0.92919815 -0.8015317
0.8423276 -0.8820111
0.74141496 -0.9440498
0.630309 -0.98530567
0.51323307 -1.0042286
0.39462534 -1.0001154
0.27897 -0.973135
0.17062807 -0.9243202
0.07367349 -0.85552466
-0.008261502 -0.76935333
-0.07212022 -0.6690593
-0.11553648 -0.5584224
-0.1369228 -0.44160187
-0.13552803 -0.32298097
-0.11146173 -0.20700012
-0.06569118 -0.09798804
0.0 0.0
0.08308006 0.08333537
0.18036696 0.14895178
0.28815 0.19445992
0.40233168 0.21823522
0.5185824 0.21947871
0.6325054 0.19824374
0.73980343 0.15543225
0.83643883 0.09275925
0.9187876 0.012685537
0.98377347 -0.081677556
1.0289841 -0.18668658
1.0527599 -0.29830408
1.0542542 -0.41225398
1.0334647 -0.5241823
0.9912303 -0.629822
0.92919827 -0.72515315
0.8497593 -0.8065566
0.75595605 -0.87094635
0.6513667 -0.9158874
0.5399679 -0.9396851
0.42598403 -0.94144714
0.3137278 -0.9211166
0.2074359 -0.87947
0.111109704 -0.8180884
0.028365612 -0.7392943
-0.03770244 -0.6460624
-0.08463693 -0.5419062
-0.11070877 -0.43074366
-0.11498141 -0.31674832
-0.09734318 -0.2041918
-0.058510922 -0.097280845
0.0 0.0
0.075934164 0.08403916
0.16638328 0.15173332
0.267897 0.20060351
0.37661538 0.22888717
0.48841456 0.23560376
0.59906375 0.22058877
0.704385 0.18449938
0.80041087 0.12878728
0.8835342 0.055641532
0.95064276 -0.03209412
0.9992364 -0.13103217
1.0275197 -0.2373693
1.0344688 -0.34703046
1.0198673 -0.45582497
0.9843142 -0.55960333
0.92919827 -0.654415
0.85664386 -0.73665714
0.76943 -0.8032088
0.6708838 -0.8515489
0.5647521 -0.8798502
0.45506227 -0.8870461
0.34596545 -0.87286943
0.24158275 -0.83786166
0.1458484 -0.7833499
0.06236106 -0.7113948
-0.0057499707 -0.6247122
-0.05594361 -0.5265693
-0.08636084 -0.42065823
-0.09589261 -0.3109582
-0.08422355 -0.20158207
-0.05183722 -0.09662345
0.0 0.0
0.069289 0.08469373
0.15337649 0.15432055
0.249055 0.20631906
0.3526848 0.23879977
0.46033514 0.25061247
0.56792957 0.24139181
0.67140335 0.21156693
0.766854 0.16234416
0.85069084 0.095661044
0.91976976 0.014109969
0.9715096 -0.07915932
1.0039889 -0.1805613
1.016019 -0.28621083
1.0071855 -0.3920682
0.97786236 -0.49409616
0.929198 -0.5884084
0.8630693 -0.6714179
0.7820083 -0.73997307
0.6891074 -0.79147327
0.5878996 -0.8239673
0.48222566 -0.83622664
0.37608716 -0.827789
0.27349585 -0.79897577
0.17832148 -0.7508766
0.09414697 -0.6853088
0.024132192 -0.60474575
-0.029103696 -0.51222295
-0.063580185 -0.41122222
-0.07802966 -0.3055392
-0.071943104 -0.19913942
-0.045588814 -0.09600812
0.0 0.0
0.06306512 0.08530665
0.14119135 0.1567443
0.23139852 0.2116752
0.330256 0.24808995
0.43401197 0.26468247
0.5387368 0.26089785
0.6404711 0.23695213
0.7353754 0.19382268
0.8198758 0.13320965
0.89079726 0.057471097
0.94548357 -0.030467868
0.9818971 -0.12722665
0.99869394 -0.22909695
0.9952736 -0.3321842
0.971801 -0.43255466
0.929198 -0.52638435
0.8691083 -0.61010283
0.7938327 -0.6805283
0.70624244 -0.73498696
0.6096688 -0.7714122
0.5077771 -0.78842324
0.40442705 -0.7853753
0.30352718 -0.7623822
0.20888662 -0.7203117
0.12407124 -0.6607506
0.052269876 -0.58594453
-0.0038251877 -0.49871135
-0.042120457 -0.40233338
-0.06119868 -0.30043346
-0.060370058 -0.19683734
-0.03969924 -0.095428064
0.0 0.0
0.05719594 0.085884735
0.1296984 0.15903038
0.2147421 0.21672788
0.30909294 0.25685596
0.40916944 0.27796113
0.51118016 0.2793107
0.61126673 0.26091954
0.7056495 0.22354877
0.7907702 0.16867518
0.86342615 0.098434806
0.9208918 0.015540242
0.9610183 -0.07682049
0.98231673 -0.17510861
0.98401153 -0.27556562
0.9660692 -0.37435746
0.92919815 -0.46771896
0.87482136 -0.5520964
0.80502105 -0.6242801
0.72245914 -0.6815274
0.63027537 -0.72166336
0.5319687 -0.7431639
0.43126446 -0.7452106
0.33197182 -0.7277225
0.23784202 -0.69135606
0.15242529 -0.637481
0.078936756 -0.56812656
0.020136297 -0.48590362
-0.021774948 -0.39390594
-0.045238137 -0.295592
-0.049393415 -0.194654
-0.034112066 -0.094877765
0.0 0.0
0.051626094 0.08643331
0.11878951 0.16120028
0.19892904 0.22152473
0.2889973 0.26517984
0.38557523 0.29057258
0.48500344 0.2968014
0.58351964 0.28369108
0.677401 0.25179696
0.763106 0.20238405
0.8374061 0.13737679
0.89750886 0.059286952
0.9411622 -0.028883576
0.9667387 -0.12375522
0.9732969 -0.22170001
0.9606148 -0.31897986
0.92919815 -0.41188514
0.88026 -0.49687856
0.8156737 -0.5707264
0.73790216 -0.63061917
0.64990187 -0.6742802
0.5550145 -0.700048
0.45683455 -0.7069417
0.35907918 -0.6946915
0.26544166 -0.66375655
0.17945683 -0.6152973
0.1043641 -0.5511365
0.042989016 -0.47368908
-0.0023676455 -0.385867
-0.03001076 -0.290973
-0.038919106 -0.19257042
-0.028779782 -0.09435257
0.0 0.0
0.046308063 0.08695716
0.10837209 0.16327229
0.183826 0.2261062
0.26980007 0.2731314
0.3630325 0.3026219
0.4599881 0.31351608
0.55699885 0.30545628
0.6503961 0.2788021
0.73665416 0.23461485
0.81252176 0.17461908
0.87514263 0.101130486
0.9221659 0.016977191
0.951833 -0.074617386
0.96304274 -0.17014909
0.9553939 -0.2659719
0.9291981 -0.35843134
0.8854676 -0.44400537
0.8258758 -0.5194369
0.7526945 -0.58185476
0.66870606 -0.6288839
0.57709783 -0.6587335
0.48134232 -0.67026377
0.3850637 -0.6630296
0.29190278 -0.63729525
0.2053774 -0.5940243
0.12875122 -0.53484154
0.06490964 -0.4619718
0.016252339 -0.37815458
-0.015399009 -0.2865404
-0.028866276 -0.19057089
-0.023660846 -0.09384842
0.0 0.0
0.041201472 0.08746002
0.09836675 0.16526264
0.16931719 0.23050736
0.25135577 0.2807715
0.34136876 0.31420133
0.4359451 0.3295812
0.53150386 0.32637924
0.62443155 0.3047666
0.7112181 0.26560962
0.7885884 0.2104373
0.85362744 0.14138293
0.9038893 0.06110072
0.93748915 -0.02733159
0.95317346 -0.12053251
0.9503683 -0.21494412
0.92919815 -0.3069657
0.89048207 -0.39309025
0.8357017 -0.4700384
0.76694417 -0.53487986
0.68682283 -0.58514595
0.5983783 -0.6189206
0.5049623 -0.6349137
0.41011214 -0.6325082
0.31741476 -0.6117834
0.23037285 -0.573511
0.15227169 -0.51912564
0.086055696 -0.45066905
0.03421682 -0.37071347
-0.0012990832 -0.28226316
-0.019164056 -0.18864095
-0.018719763 -0.093361765
0.0 0.0
0.036270335 0.08794574
0.08870369 0.16718473
0.15530264 0.23475863
0.23353657 0.28815246
0.32043636 0.3253899
0.41270888 0.34510696
0.50686073 0.34660327
0.59933037 0.32986778
0.6866228 0.29557896
0.7654425 0.24507761
0.8328167 0.18031693
0.8862082 0.103787065
0.9236102 0.018420815
0.94362277 -0.07251716
0.945504 -0.16555488
0.9291981 -0.25714362
0.89533746 -0.34379292
0.84521693 -0.4222014
0.78074574 -0.48938262
0.70437264 -0.5427766
0.61899585 -0.5803474
0.527851 -0.6006585
0.43438882 -0.602927
0.3421449 -0.5870533
0.25460637 -0.5536233
0.17507899 -0.5038863
0.10656357 -0.43970728
0.05164212 -0.36349565
0.012380123 -0.27811366
-0.00974974 -0.18676837
-0.013924494 -0.09288947
0.0 0.0
0.031483263 0.08841719
0.079321474 0.169051
0.14169315 0.23888704
0.2162292 0.29532138
0.30010194 0.33625895
0.39013314 0.36019164
0.48291397 0.366256
0.5749341 0.35426414
0.6627147 0.32471097
0.7429396 0.27875555
0.8125808 0.21817577
0.8690125 0.14530087
0.9101104 0.062924266
0.934331 -0.025804996
0.94077075 -0.1174984
0.92919815 -0.20865822
0.9000635 -0.2958101
0.8544802 -0.37563264
0.7941834 -0.44508386
0.7214627 -0.5015173
0.63907707 -0.5427785
0.5501472 -0.5672895
0.4580407 -0.5741068
0.36624277 -0.56295556
0.27822375 -0.53424084
0.19731021 -0.4890318
0.12655693 -0.42902064
0.06863278 -0.3564579
0.025720656 -0.27406704
-5.674064E-4 -0.18494186
-0.009246752 -0.092428714
0.0 0.0
0.02681169 0.08887732
0.07016426 0.17087248
0.12840837 0.24291696
0.1993317 0.30232057
0.28024602 0.34687215
0.3680849 0.37492383
0.4595232 0.3854524
0.55110073 0.37809753
0.63935417 0.35317564
0.72094864 0.31166708
0.7928022 0.25517893
0.85220265 0.18588328
0.8969114 0.1064353
0.9252451 0.01987338
0.93614167 -0.07049799
0.9291981 -0.16123128
0.904687 -0.24886703
0.863544 -0.3300655
0.8073342 -0.40173197
0.73819065 -0.46113265
0.6587353 -0.50600076
0.5719775 -0.5346184
0.48120236 -0.5458845
0.38984442 -0.5393537
0.30135906 -0.5152543
0.2190907 -0.47447863
0.14614785 -0.41854915
0.08528447 -0.34956047
0.038796067 -0.2701005
0.0084344745 -0.18315133
-0.0046599805 -0.091976985
0.0 0.0
0.022230089 0.089328565
0.061181605 0.17265923
0.11537403 0.24687085
0.18275112 0.30918851
0.260759 0.35728812
0.3464434 0.38938427
0.43656003 0.4042976
0.52769923 0.40149903
0.61641383 0.3811288
0.69934976 0.34399223
0.7733729 0.29152846
0.83568746 0.22575474
0.8839413 0.14919138
0.9163154 0.06476569
0.93159133 -0.024299383
0.9291981 -0.1146059
0.909233 -0.20271063
0.8724573 -0.28525543
0.82026863 -0.3590927
0.75464606 -0.42140627
0.67807627 -0.4698162
0.5934589 -0.5024693
0.5039971 -0.5181091
0.41307592 -0.5161221
0.3241346 -0.49656272
0.24053597 -0.46014917
0.16544044 -0.40823704
0.10168481 -0.34276724
0.05167675 -0.26619315
0.017303288 -0.18138713
-1.4042854E-4 -0.091531865
0.0 0.0
0.017713904 0.089773364
0.052326143 0.17442068
0.10252249 0.25076932
0.16640043 0.31596118
0.2415396 0.3675611
0.32509494 0.40364885
0.41390467 0.42289042
0.5046079 0.4245901
0.59377384 0.40871572
0.6780305 0.37589884
0.75419235 0.3274126
0.819381 0.26512194
0.8711338 0.19141293
0.9074961 0.10910368
0.9270969 0.021336079
0.9291981 -0.06854153
0.9137248 -0.15710306
0.881266 -0.24097061
0.8330531 -0.31694746
0.7709129 -0.38213444
0.6971986 -0.43404055
0.6147008 -0.47067833
0.52654123 -0.4906385
0.4360559 -0.49314237
0.34666705 -0.47807097
0.26175594 -0.44597077
0.18453288 -0.39803183
0.11791754 -0.33604342
0.064427376 -0.26232532
0.026084185 -0.17964055
0.004334986 -0.09109107
0.0 0.0
0.013240635 0.09021394
0.043553233 0.1761657
0.08978915 0.254632
0.15019703 0.32267272
0.22249031 0.37774324
0.30393314 0.41778898
0.39144373 0.44132376
0.4817109 0.44748688
0.5713215 0.43607426
0.6568842 0.40754604
0.73516464 0.3630104
0.80320215 0.3041811
0.8584242 0.23330975
0.8987429 0.15310669
0.92263526 0.066633224
0.92919815 -0.022809982
0.918185 -0.111816406
0.8900137 -0.19699287
0.8457513 -0.27508736
0.7870722 -0.34312057
0.716197 -0.39849663
0.635808 -0.43908882
0.5489464 -0.46333694
0.45889854 -0.47030067
0.36906624 -0.45968628
0.28285217 -0.43187332
0.20351791 -0.3878832
0.13406181 -0.3293562
0.0771122 -0.2584772
0.03481865 -0.1779027
0.0087890625 -0.090652466
0.0 0.0
0.0087890625 0.090652466
0.03481865 0.1779027
0.0771122 0.2584772
0.13406181 0.3293562
0.20351791 0.3878832
0.28285217 0.43187332
0.36906624 0.45968628
0.45889854 0.47030067
0.5489464 0.46333694
0.635808 0.43908882
0.716197 0.39849663
0.7870722 0.34312057
0.8457513 0.27508736
0.8900137 0.19699287
0.918185 0.111816406
0.92919815 0.022809982
0.92263526 -0.066633224
0.8987429 -0.15310669
0.8584242 -0.23330975
0.80320215 -0.3041811
0.73516464 -0.3630104
0.6568842 -0.40754604
0.5713215 -0.43607426
0.4817109 -0.44748688
0.39144373 -0.44132376
0.30393314 -0.41778898
0.22249031 -0.37774324
0.15019703 -0.32267272
0.08978915 -0.254632
0.043553233 -0.1761657
0.013240635 -0.09021394
0.0 0.0
0.004334986 0.09109107
0.026084185 0.17964055
0.064427376 0.26232532
0.11791754 0.33604342
0.18453288 0.39803183
0.26175594 0.44597077
0.34666705 0.47807097
0.4360559 0.49314237
0.52654123 0.4906385
0.6147008 0.47067833
0.6971986 0.43404055
0.7709129 0.38213444
0.8330531 0.31694746
0.881266 0.24097061
0.9137248 0.15710306
0.9291981 0.06854153
0.9270969 -0.021336079
0.9074961 -0.10910368
0.8711338 -0.19141293
0.819381 -0.26512194
0.75419235 -0.3274126
0.6780305 -0.37589884
0.59377384 -0.40871572
0.5046079 -0.4245901
0.41390467 -0.42289042
0.32509494 -0.40364885
0.2415396 -0.3675611
0.16640043 -0.31596118
0.10252249 -0.25076932
0.052326143 -0.17442068
0.017713904 -0.089773364
0.0 0.0
-1.4042854E-4 0.091531865
0.017303288 0.18138713
0.05167675 0.26619315
0.10168481 0.34276724
0.16544044 0.40823704
0.24053597 0.46014917
0.3241346 0.49656272
0.41307592 0.5161221
0.5039971 0.5181091
0.5934589 0.5024693
0.67807627 0.4698162
0.75464606 0.42140627
0.82026863 0.3590927
0.8724573 0.28525543
0.909233 0.20271063
0.9291981 0.1146059
0.93159133 0.024299383
0.9163154 -0.06476569
0.8839413 -0.14919138
0.83568746 -0.22575474
0.7733729 -0.29152846
0.69934976 -0.34399223
0.61641383 -0.3811288
0.52769923 -0.40149903
0.43656003 -0.4042976
0.3464434 -0.38938427
0.260759 -0.35728812
0.18275112 -0.30918851
0.11537403 -0.24687085
0.061181605 -0.17265923
0.022230089 -0.089328565
0.0 0.0
-0.0046599805 0.091976985
0.0084344745 0.18315133
0.038796067 0.2701005
0.08528447 0.34956047
0.14614785 0.41854915
0.2190907 0.47447863
0.30135906 0.5152543
0.38984442 0.5393537
0.48120236 0.5458845
0.5719775 0.5346184
0.6587353 0.50600076
0.73819065 0.46113265
0.8073342 0.40173197
0.863544 0.3300655
0.904687 0.24886703
0.9291981 0.16123128
0.93614167 0.07049799
0.9252451 -0.01987338
0.8969114 -0.1064353
0.85220265 -0.18588328
0.7928022 -0.25517893
0.72094864 -0.31166708
0.63935417 -0.35317564
0.55110073 -0.37809753
0.4595232 -0.3854524
0.3680849 -0.37492383
0.28024602 -0.34687215
0.1993317 -0.30232057
0.12840837 -0.24291696
0.07016426 -0.17087248
0.02681169 -0.08887732
0.0 0.0
-0.009246752 0.092428714
-5.674064E-4 0.18494186
0.025720656 0.27406704
0.06863278 0.3564579
0.12655693 0.42902064
0.19731021 0.4890318
0.27822375 0.53424084
0.36624277 0.56295556
0.4580407 0.5741068
0.5501472 0.5672895
0.63907707 0.5427785
0.7214627 0.5015173
0.7941834 0.44508386
0.8544802 0.37563264
0.9000635 0.2958101
0.92919815 0.20865822
0.94077075 0.1174984
0.934331 0.025804996
0.9101104 -0.062924266
0.8690125 -0.14530087
0.8125808 -0.21817577
0.7429396 -0.27875555
0.6627147 -0.32471097
0.5749341 -0.35426414
0.48291397 -0.366256
0.39013314 -0.36019164
0.30010194 -0.33625895
0.2162292 -0.29532138
0.14169315 -0.23888704
0.079321474 -0.169051
0.031483263 -0.08841719
0.0 0.0
-0.013924494 0.09288947
-0.00974974 0.18676837
0.012380123 0.27811366
0.05164212 0.36349565
0.10656357 0.43970728
0.17507899 0.5038863
0.25460637 0.5536233
0.3421449 0.5870533
0.43438882 0.602927
0.527851 0.6006585
0.61899585 0.5803474
0.70437264 0.5427766
0.78074574 0.48938262
0.84521693 0.4222014
0.89533746 0.34379292
0.9291981 0.25714362
0.945504 0.16555488
0.94362277 0.07251716
0.9236102 -0.018420815
0.8862082 -0.103787065
0.8328167 -0.18031693
0.7654425 -0.24507761
0.6866228 -0.29557896
0.59933037 -0.32986778
0.50686073 -0.34660327
0.41270888 -0.34510696
0.32043636 -0.3253899
0.23353657 -0.28815246
0.15530264 -0.23475863
0.08870369 -0.16718473
0.036270335 -0.08794574
0.0 0.0
-0.018719763 0.093361765
-0.019164056 0.18864095
-0.0012990832 0.28226316
0.03421682 0.37071347
0.086055696 0.45066905
0.15227169 0.51912564
0.23037285 0.573511
0.31741476 0.6117834
0.41011214 0.6325082
0.5049623 0.6349137
0.5983783 0.6189206
0.68682283 0.58514595
0.76694417 0.53487986
0.8357017 0.4700384
0.89048207 0.39309025
0.92919815 0.3069657
0.9503683 0.21494412
0.95317346 0.12053251
0.93748915 0.02733159
0.9038893 -0.06110072
0.85362744 -0.14138293
0.7885884 -0.2104373
0.7112181 -0.26560962
0.62443155 -0.3047666
0.53150386 -0.32637924
0.4359451 -0.3295812
0.34136876 -0.31420133
0.25135577 -0.2807715
0.16931719 -0.23050736
0.09836675 -0.16526264
0.041201472 -0.08746002
0.0 0.0
-0.023660846 0.09384842
-0.028866276 0.19057089
-0.015399009 0.2865404
0.016252339 0.37815458
0.06490964 0.4619718
0.12875122 0.53484154
0.2053774 0.5940243
0.29190278 0.63729525
0.3850637 0.6630296
0.48134232 0.67026377
0.57709783 0.6587335
0.66870606 0.6288839
0.7526945 0.58185476
0.8258758 0.5194369
0.8854676 0.44400537
0.9291981 0.35843134
0.9553939 0.2659719
0.96304274 0.17014909
0.951833 0.074617386
0.9221659 -0.016977191
0.87514263 -0.101130486
0.81252176 -0.17461908
0.73665416 -0.23461485
0.6503961 -0.2788021
0.55699885 -0.30545628
0.4599881 -0.31351608
0.3630325 -0.3026219
0.26980007 -0.2731314
0.183826 -0.2261062
0.10837209 -0.16327229
0.046308063 -0.08695716
0.0 0.0
-0.028779782 0.09435257
-0.038919106 0.19257042
-0.03001076 0.290973
-0.0023676455 0.385867
0.042989016 0.47368908
0.1043641 0.5511365
0.17945683 0.6152973
0.26544166 0.66375655
0.35907918 0.6946915
0.45683455 0.7069417
0.5550145 0.700048
0.64990187 0.6742802
0.73790216 0.63061917
0.8156737 0.5707264
0.88026 0.49687856
0.92919815 0.41188514
0.9606148 0.31897986
0.9732969 0.22170001
0.9667387 0.12375522
0.9411622 0.028883576
0.89750886 -0.059286952
0.8374061 -0.13737679
0.763106 -0.20238405
0.677401 -0.25179696
0.58351964 -0.28369108
0.48500344 -0.2968014
0.38557523 -0.29057258
0.2889973 -0.26517984
0.19892904 -0.22152473
0.11878951 -0.16120028
0.051626094 -0.08643331
0.0 0.0
-0.034112066 0.094877765
-0.049393415 0.194654
-0.045238137 0.295592
-0.021774948 0.39390594
0.020136297 0.48590362
0.078936756 0.56812656
0.15242529 0.637481
0.23784202 0.69135606
0.33197182 0.7277225
0.43126446 0.7452106
0.5319687 0.7431639
0.63027537 0.72166336
0.72245914 0.6815274
0.80502105 0.6242801
0.87482136 0.5520964
0.92919815 0.46771896
0.9660692 0.37435746
0.98401153 0.27556562
0.98231673 0.17510861
0.9610183 0.07682049
0.9208918 -0.015540242
0.86342615 -0.098434806
0.7907702 -0.16867518
0.7056495 -0.22354877
0.61126673 -0.26091954
0.51118016 -0.2793107
0.40916944 -0.27796113
0.30909294 -0.25685596
0.2147421 -0.21672788
0.1296984 -0.15903038
0.05719594 -0.085884735
0.0 0.0
-0.03969924 0.095428064
-0.060370058 0.19683734
-0.06119868 0.30043346
-0.042120457 0.40233338
-0.0038251877 0.49871135
0.052269876 0.58594453
0.12407124 0.6607506
0.20888662 0.7203117
0.30352718 0.7623822
0.40442705 0.7853753
0.5077771 0.78842324
0.6096688 0.7714122
0.70624244 0.73498696
0.7938327 0.6805283
0.8691083 0.61010283
0.929198 0.52638435
0.971801 0.43255466
0.9952736 0.3321842
0.99869394 0.22909695
0.9818971 0.12722665
0.94548357 0.030467868
0.89079726 -0.057471097
0.8198758 -0.13320965
0.7353754 -0.19382268
0.6404711 -0.23695213
0.5387368 -0.26089785
0.43401197 -0.26468247
0.330256 -0.24808995
0.23139852 -0.2116752
0.14119135 -0.1567443
0.06306512 -0.08530665
0.0 0.0
-0.045588814 0.09600812
-0.071943104 0.19913942
-0.07802966 0.3055392
-0.063580185 0.41122222
-0.029103696 0.51222295
0.024132192 0.60474575
0.09414697 0.6853088
0.17832148 0.7508766
0.27349585 0.79897577
0.37608716 0.827789
0.48222566 0.83622664
0.5878996 0.8239673
0.6891074 0.79147327
0.7820083 0.73997307
0.8630693 0.6714179
0.929198 0.5884084
0.97786236 0.49409616
1.0071855 0.3920682
1.016019 0.28621083
1.0039889 0.1805613
0.9715096 0.07915932
0.91976976 -0.014109969
0.85069084 -0.095661044
0.766854 -0.16234416
0.67140335 -0.21156693
0.56792957 -0.24139181
0.46033514 -0.25061247
0.3526848 -0.23879977
0.249055 -0.20631906
0.15337649 -0.15432055
0.069289 -0.08469373
0.0 0.0
-0.05183722 0.09662345
-0.08422355 0.20158207
-0.09589261 0.3109582
-0.08636084 0.42065823
-0.05594361 0.5265693
-0.0057499707 0.6247122
0.06236106 0.7113948
0.1458484 0.7833499
0.24158275 0.83786166
0.34596545 0.87286943
0.45506227 0.8870461
0.5647521 0.8798502
0.6708838 0.8515489
0.76943 0.8032088
0.85664386 0.73665714
0.92919827 0.654415
0.9843142 0.55960333
1.0198673 0.45582497
1.0344688 0.34703046
1.0275197 0.2373693
0.9992364 0.13103217
0.95064276 0.03209412
0.8835342 -0.055641532
0.80041087 -0.12878728
0.704385 -0.18449938
0.59906375 -0.22058877
0.48841456 -0.23560376
0.37661538 -0.22888717
0.267897 -0.20060351
0.16638328 -0.15173332
0.075934164 -0.08403916
0.0 0.0
-0.058510922 0.097280845
-0.09734318 0.2041918
-0.11498141 0.31674832
-0.11070877 0.43074366
-0.08463693 0.5419062
-0.03770244 0.6460624
0.028365612 0.7392943
0.111109704 0.8180884
0.2074359 0.87947
0.3137278 0.9211166
0.42598403 0.94144714
0.5399679 0.9396851
0.6513667 0.9158874
0.75595605 0.87094635
0.8497593 0.8065566
0.92919827 0.72515315
0.9912303 0.629822
1.0334647 0.5241823
1.0542542 0.41225398
1.0527599 0.29830408
1.0289841 0.18668658
0.98377347 0.081677556
0.9187876 -0.012685537
0.83643883 -0.09275925
0.73980343 -0.15543225
0.6325054 -0.19824374
0.5185824 -0.21947871
0.40233168 -0.21823522
0.28815 -0.19445992
0.18036696 -0.14895178
0.08308006 -0.08333537
0.0 0.0
-0.06569118 0.09798804
-0.11146173 0.20700012
-0.13552803 0.32298097
-0.1369228 0.44160187
-0.11553648 0.5584224
-0.07212022 0.6690593
-0.008261502 0.76935333
0.07367349 0.85552466
0.17062807 0.9243202
0.27897 0.973135
0.39462534 1.0001154
0.51323307 1.0042286
0.630309 0.98530567
0.74141496 0.9440498
0.8423276 0.8820111
0.92919815 0.8015317
0.99869907 0.7056579
1.0481528 0.59802634
1.0756328 0.48272985
1.0800389 0.36416203
1.0611432 0.24685186
1.0195985 0.13529366
0.95691705 0.033775747
0.8754158 -0.053782225
0.7781304 -0.12397811
0.66870284 -0.17405745
0.5512439 -0.20202076
0.43018082 -0.20669964
0.31008843 -0.18780494
0.19551817 -0.14593801
0.09082441 -0.082572624
0.0 0.0
-0.073476665 0.098754846
-0.12677424 0.210046
-0.15781772 0.32974255
-0.16536856 0.45338446
-0.14907485 0.57634896
-0.10948649 0.69402695
-0.048036724 0.8019961
0.033008635 0.89618945
0.13063595 0.9730505
0.24119577 1.0296683
0.3605359 1.063892
0.48416284 1.0744103
0.60740495 1.0608084
0.7255952 1.0235808
0.8342408 0.96412194
0.92919815 0.8846702
1.006831 0.7882277
1.0641499 0.6784483
1.0989208 0.55950475
1.1097643 0.4359244
1.0961946 0.3124293
1.0586569 0.19374692
0.9984983 0.08444345
0.917933 -0.011265695
0.81994987 -0.089657545
0.7082093 -0.14765984
0.5869013 -0.18296139
0.4605916 -0.19410338
0.33405164 -0.18053639
0.21207187 -0.1426457
0.09928797 -0.08173907
0.0 0.0
-0.08199023 0.09959304
-0.14352366 0.21337713
-0.1822057 0.33714044
-0.19650012 0.4662789
-0.1857897 0.595974
-0.15040326 0.7213673
-0.091603965 0.8377507
-0.011545628 0.9407435
0.08680788 1.0264562
0.1997841 1.0916446
0.32315508 1.1338271
0.45227602 1.1513919
0.5822769 1.1436474
0.7082329 1.1108671
0.8253625 1.0542647
0.92919815 0.97596735
1.0157645 0.8789264
1.0817266 0.7668135
1.1245193 0.64388496
1.1424439 0.51482093
1.1347425 0.38454592
1.1016215 0.2580505
1.0442536 0.14019525
0.96473116 0.03553316
0.8659941 -0.05186999
0.7517189 -0.11858773
0.62618333 -0.1619647
0.49410558 -0.18022127
0.36046708 -0.17252278
0.23032598 -0.1390143
0.108623855 -0.08081951
0.0 0.0
-0.091386184 0.10051875
-0.16201392 0.21705562
-0.209137 0.34531015
-0.23088935 0.48052415
-0.22636065 0.617659
-0.19563153 0.7515873
-0.13977611 0.8772843
-0.060823232 0.99002147
0.038315803 1.0855436
0.15395492 1.1602337
0.28177115 1.2112508
0.41696444 1.2366414
0.5544386 1.2354164
0.6889936 1.2075896
0.815521 1.1541853
0.9291979 1.0771989
1.025673 0.97952574
1.101229 0.86485666
1.1529282 0.7375387
1.1787267 0.6024142
1.177553 0.46463865
1.1493546 0.3294871
1.0951022 0.20215416
1.0167558 0.08755791
0.91719705 -0.009849131
0.8001194 -0.08624765
0.66989565 -0.13860005
0.5314106 -0.16476887
0.38988084 -0.16360027
0.25065824 -0.13497
0.11902598 -0.07979502
0.0 0.0
-0.10186268 0.10155061
-0.18263802 0.2211579
-0.23918623 0.3544253
-0.26927277 0.49642292
-0.27165788 0.641871
-0.24614593 0.78533953
-0.19359693 0.9214542
-0.11589903 1.0450972
-0.015899986 1.1516054
0.102697164 1.2369459
0.2354706 1.297873
0.37744325 1.3320541
0.5232718 1.3381592
0.6674455 1.3159187
0.8044949 1.266135
0.9291978 1.1906576
1.0367818 1.0923165
1.1231018 0.9748196
1.1848028 0.84261566
1.219449 0.7007277
1.2256197 0.5545658
1.2029676 0.40972495
1.1522353 0.27177155
1.0752321 0.146034
0.97477055 0.037400484
0.85456234 -0.049869925
0.7190828 -0.11230905
0.57340354 -0.1473749
0.42300326 -0.15355253
0.27356267 -0.13041395
0.13074839 -0.07864043
0.0 0.0
-0.11367773 0.10271429
-0.20590599 0.22578634
-0.27310032 0.36471322
-0.3126094 0.51437366
-0.32282057 0.66921794
-0.30322298 0.8234774
-0.2544337 0.97138166
-0.17817846 1.1073766
-0.07722986 1.2263364
0.04469067 1.3237591
0.18305272 1.3959398
0.3326835 1.440114
0.48795998 1.4545677
0.6430222 1.4387041
0.7919923 1.3930746
0.9291979 1.3193601
1.0493884 1.2203128
1.1479337 1.0996575
1.2210037 0.96195483
1.2657175 0.81242996
1.2802552 0.6567819
1.2639315 0.5009646
1.2172287 0.35096657
1.1417812 0.2125831
1.0403194 0.09119472
0.9165722 -0.008436292
0.7751301 -0.08235113
0.62127316 -0.1275469
0.46077728 -0.1420935
0.29969436 -0.12521613
0.1441281 -0.07732284
0.0 0.0
-0.127175 0.10404347
-0.23249799 0.23107569
-0.3118758 0.3764762
-0.36218035 0.5349063
-0.38136804 0.7005122
-0.36856717 0.86713886
-0.32411295 1.0285659
-0.24954087 1.1787393
-0.14753616 1.3120042
-0.02183485 1.4233216
0.12291038 1.5084589
0.28130376 1.5641549
0.4474078 1.5882514
0.61496115 1.5797758
0.7776215 1.5389854
0.9291984 1.4673638
1.063892 1.3675721
1.1765155 1.2433491
1.2626916 1.0993803
1.3190234 0.94112164
1.3432298 0.7745984
1.3342338 0.6061788
1.292213 0.44233495
1.2185956 0.28939742
1.1160154 0.15331694
0.988216 0.039434522
0.83991545 -0.047722682
0.67663264 -0.104616
0.5044819 -0.12883633
0.32994425 -0.11919897
0.15962407 -0.075796425
0.0 0.0
-0.14282194 0.10558476
-0.2633409 0.23721087
-0.35687292 0.39012536
-0.41973227 0.5587453
-0.44937673 0.73686355
-0.44450903 0.91788185
-0.4051335 1.0950577
-0.3325616 1.2617595
-0.22936958 1.4117191
-0.09930816 1.5392685
0.052834332 1.639561
0.22140768 1.7087574
0.40010807 1.7441764
0.58221483 1.7444028
0.760842 1.7093492
0.92919827 1.640264
1.0808448 1.5396931
1.2099409 1.41139
1.3114697 1.2601795
1.3814294 1.0917826
1.4169945 0.91260284
1.4166268 0.72948843
1.380141 0.5494754
1.30872 0.3795219
1.2048763 0.22624338
1.0723662 0.09566173
0.91605306 -0.0070262104
0.7417293 -0.07765198
0.5559027 -0.11323808
0.36555466 -0.11211568
0.17787649 -0.07399878
0.0 0.0
-0.1612736 0.10740204
-0.29973322 0.24444962
-0.40999666 0.40624008
-0.48771858 0.5869063
-0.52976257 0.7798308
-0.53432536 0.9778949
-0.50101316 1.173744
-0.4308666 1.3600646
-0.3263271 1.5298619
-0.19115502 1.6767262
-0.030292451 1.7950814
0.15031242 1.8803965
0.3439308 1.9293683
0.5432979 1.9400516
0.74088824 1.9119413
0.9291979 1.8459998
1.1010294 1.7446303
1.2497642 1.6115946
1.3696206 1.4518785
1.4558743 1.2715094
1.5050467 1.0773368
1.5150416 0.876777
1.4852357 0.6775336
1.4165094 0.48731104
1.3112246 0.31352115
1.1731436 0.16299912
1.0072947 0.04174328
0.8197916 -0.04531765
0.6176071 -0.09452013
0.4083155 -0.103609964
0.1998086 -0.07183857
0.0 0.0
-0.18347552 0.10958882
-0.34355247 0.253166
-0.47400627 0.42565727
-0.56969374 0.62086153
-0.62675697 0.831675
-0.6427742 1.0503583
-0.6168662 1.2688221
-0.54973453 1.4789329
-0.4436504 1.6728206
-0.30237418 1.843178
-0.13102734 1.9835416
0.064095885 2.088542
0.2757549 2.154115
0.49603412 2.1776645
0.71663773 2.1581702
0.9291979 2.0962377
1.1255975 1.9940858
1.2982746 1.855475
1.4405112 1.6855758
1.5466995 1.4907792
1.6125551 1.2784715
1.6352975 1.0567496
1.6137521 0.8341325
1.5484269 0.61922854
1.4414821 0.4204208
1.2966752 0.24554059
1.1192284 0.10157408
0.9156338 -0.0056182593
0.69342786 -0.07151973
0.4609015 -0.0931497
0.22680259 -0.069180205
0.0 0.0
-0.21084735 0.11228444
-0.3976202 0.26392063
-0.5530536 0.44963673
-0.67101365 0.6628294
-0.7467426 0.8958102
-0.7770469 1.1400766
-0.7604306 1.3866435
-0.69716525 1.6263635
-0.58929193 1.8502855
-0.44056338 2.0499902
-0.25629896 2.2179089
-0.043219894 2.3476229
0.19081852 2.4341147
0.4370966 2.4739635
0.68636894 2.4654953
0.92919844 2.4088554
1.1563201 2.306017
1.3589919 2.1607213
1.5293247 1.978353
1.6605939 1.7657461
1.7475019 1.5309373
1.7863874 1.2828739
1.7753825 1.0310783
1.714494 0.7852962
1.6056209 0.55512583
1.4524953 0.34965593
1.2605596 0.17711583
1.0367713 0.04455839
0.78935564 -0.04242091
0.5275023 -0.079902135
0.26102576 -0.065809205
0.0 0.0
-0.24562159 0.115709655
-0.46638417 0.27759868
-0.65369326 0.48016477
-0.80014825 0.7163188
-0.89983296 0.9776372
-0.9485516 1.2546725
-0.9440046 1.5372977
-0.885891 1.8150887
-0.77593744 2.077714
-0.61785185 2.3153248
-0.4172013 2.518936
-0.181214 2.680773
0.0814729 2.7945762
0.361134 2.855851
0.64730966 2.8620584
0.9291984 2.8127227
1.1960582 2.709475
1.4376194 2.5560064
1.6444743 2.3579495
1.8084426 2.122683
1.9228915 1.8590701
1.9830042 1.5771313
1.9859765 1.2876878
1.9311435 1.0019451
1.8200262 0.73108363
1.6562943 0.4858299
1.4456472 0.2760479
1.1956191 0.11035551
0.9153121 -0.004212618
0.6150665 -0.06248468
0.30608144 -0.061371714
0.0 0.0
-0.29152733 0.12023089
-0.55728334 0.29567945
-0.7869138 0.5205764
-0.97132707 0.7872236
-1.103053 1.0862608
-1.1765404 1.407009
-1.1883879 1.7378579
-1.1374962 2.0666947
-1.0251327 2.3813586
-0.8549073 2.6701021
-0.6326636 2.9220378
-0.36627996 3.127561
-0.06539214 3.2787251
0.2589503 3.3695638
0.5946881 3.396336
0.9291977 3.3576903
1.2497627 3.2547488
1.5440526 3.0910833
1.8005962 2.8726153
2.0092232 2.607411
2.1614647 2.305408
2.250893 1.9780562
2.2733872 1.6378996
2.2273173 1.2981192
2.1136327 0.9720404
1.9358557 0.6726274
1.6999829 0.41199297
1.4142809 0.20092802
1.0890048 0.04847677
0.7360332 -0.038422704
0.36843675 -0.055230156
0.0 0.0
-0.35529265 0.12651129
-0.68378305 0.32084215
-0.9726597 0.57692206
-1.2104527 0.88627255
-1.3874857 1.2382932
-1.4962611 1.6206403
-1.5317752 2.0196688
-1.4917358 2.4209337
-1.3766842 2.8097262
-1.190013 3.1716237
-0.937873 3.4930444
-0.6289762 3.7617662
-0.27430302 3.967411
0.11328834 4.1018577
0.51951504 4.1595845
0.9291973 4.1379075
1.3268201 4.037123
1.6971073 3.8605385
2.025609 3.6143854
2.299262 3.3076267
2.5068917 2.9516587
2.6396713 2.5599055
2.6914845 2.1473522
2.659193 1.7299953
2.5428002 1.3242484
2.345496 0.9463397
2.0735846 0.6116872
1.7362869 0.33430654
1.3454392 0.12626669
0.9150841 -0.0028076023
0.4609738 -0.046116725
0.0 0.0
-0.45042643 0.13588047
-0.87302345 0.35848394
-1.2512934 0.6614466
-1.5701592 1.035267
-1.8165507 1.4676332
-1.9799361 1.9438211
-2.0527573 2.447227
-2.0307581 2.9599566
-1.9132075 3.4634814
-1.7029791 3.939333
-1.4065024 4.36979
-1.033581 4.7385674
-0.59707665 5.0314565
-0.11248344 5.236886
0.40262228 5.346416
0.9291995 5.3551006
1.447434 5.2617435
1.9374847 5.069001
2.3802152 4.78336
2.7579303 4.414952
3.0550804 3.9772456
3.2588687 3.486598
3.3597963 2.9616928
3.352077 2.4228783
3.2339206 1.8914373
3.007683 1.3887993
2.679851 0.9357431
2.2608778 0.5516001
1.7648731 0.253499
1.209136 0.055683486
0.61357236 -0.031086426
0.0 0.0
-0.60863537 0.15146336
-1.1890972 0.4213555
-1.7187259 0.80323875
-2.1763003 1.2863399
-2.5428658 1.8558567
-2.8024921 2.4934363
-2.9429388 3.1777813
-2.9561918 3.8853896
-2.838857 4.591389
-2.592393 5.2704344
-2.2231624 5.8976517
-1.742307 6.4495845
-1.16544 6.905098
-0.51216704 7.246231
0.19455665 7.458946
0.9291989 7.533739
1.6645471 7.466119
2.3726833 7.2568855
3.0260057 6.9122458
3.5982697 6.4437094
4.065601 5.8677983
4.407446 5.2055655
4.60742 4.481925
4.6540294 3.7248318
4.541234 2.9643216
4.268812 2.2314572
3.8425303 1.5572085
3.2740953 0.9712889
2.5808885 0.5010336
1.785481 0.17032495
0.9149481 -0.0014036968
0.0 0.0
-0.92604494 0.18272531
-1.8284125 0.5485226
-2.672111 1.092444
-3.423212 1.8028286
-4.050137 2.6615102
-4.524886 3.644301
-4.8241887 4.7216825
-4.9305105 5.8597093
-4.8328857 7.0211186
-4.5275426 8.166588
-4.01829 9.256101
-3.316651 10.250385
-2.4417078 11.11239
-1.4196981 11.808699
-0.28332132 12.310909
0.92919844 12.596831
2.1752682 12.651566
3.4092984 12.468309
4.584211 12.048964
5.653055 11.404402
6.570696 10.554499
7.2954764 9.527811
7.790851 8.360949
8.026882 7.097684
7.9815865 5.7877464
7.642063 4.4853935
7.0053453 3.247768
6.0789866 2.1331131
4.8812904 1.1988535
3.4412127 0.49967176
1.7979217 0.08556178
0.0 0.0
-1.8956778 0.27822608
-3.8253703 0.9457437
-5.7201624 2.0170603
-7.5078783 3.494753
-9.115164 5.3688226
-10.469672 7.6164823
-11.502289 10.202259
-12.149345 13.078543
-12.354703 16.186481
-12.071723 19.457253
-11.264966 22.813677
-9.911644 26.172108
-8.002721 29.444588
-5.5436344 32.541138
-2.5546632 35.372253
0.92919767 37.851334
4.8587284 39.897194
9.171411 41.4364
13.792749 42.40545
18.637981 42.75278
23.614037 42.440353
28.62188 41.445023
33.55891 39.759407
38.321632 37.39244
42.80832 34.3693
46.921623 30.731152
50.571182 26.534195
53.676025 21.848454
56.166702 16.756111
57.98713 11.349529
59.096184 5.7289476
